acute
3.5  5.5
13 14.5

A
0  4 8 nan 5/3 8-5/3
0 12 0 nan 5   5

B 
5 0  0  4 nan 0   5
0 0 12 12 nan 6.5 6.5
4.75 3.25 3.25 -90 90
4.25 9.25 2.75 -90 90

C
nan
nan
6 6 6 acosd(1/3) 360-acosd(1/3)

D
2 0  0  2
0 0 12 12
2 6 6 -90 90

Ð
2 1  1  2 nan 0 2.5
0 0 12 12 nan 6 6
2 6 6 -90 90

E
8 0  0  8 nan 0   6
0 0 12 12 nan 6.5 6.5

F
0  0  8 nan 0   6
0 12 12 nan 6.5 6.5

G
8 8 5
0 5 5
6 6 6 acosd(1/3) 360-acosd(1/3)

H
0  0 nan 0 8 nan 8  8
0 12 nan 6 6 nan 0 12

I
1 7 nan 4  4 nan  1  7
0 0 nan 0 12 nan 12 12

J
5    5 nan  2  8
2.5 12 nan 12 12
2.5 2.5 2.5 180 360

K
0  0 nan   2 8 nan 0  8
0 12 nan 7.5 0 nan 6 12

L
0  0 8
12 0 0

M
0  0 4  8 8
0 12 5 12 0

N
0  0 8  8
0 12 0 12

O
0 0 nan 8 8
4 8 nan 4 8
4 4 4 -180 0
4 8 4 0 180

P
0  0  5 nan 0 5
0 12 12 nan 6 6
5 9 3 -90 90

Q
0 0 nan 8 8 nan 5 8
4 8 nan 4 8 nan 3 0
4 4 4 -180 0
4 8 4 0 180

R
0  0  5 nan 0 5 nan 3 8
0 12 12 nan 6 6 nan 6 0
5 9 3 -90 90

S
3 5 nan 3 5 nan  3  5.5
0 0 nan 6 6 nan 12 12
2.5 3 3 180+acosd(5/6) 270
5 3 3 -90 90
3 9 3 90 270
5 9 3 acosd(5/6) 90

T
4  4 nan  0  8
0 12 nan 12 12

U
3.5 4.5 nan 0    0 nan 8    8
0   0   nan 2.5 12 nan 2.5 12
3.5 3.5 3.5 180 270
4.5 3.5 3.5 -90 0

V
0  4  8
12 0 12

W
0  2  4 6  8
12 0 12 0 12

X
0  8 nan  0 8
0 12 nan 12 0

Y
4 4 nan  0 4  8
0 6 nan 12 6 12

Z
8 0  8  0
0 0 12 12

Þ
0.5 0.5 nan 0.5 4.5 nan 0.5 4.5
0   12  nan 3   3   nan 9   9
4.5 6 3 -90 90

Æ
0  5 5 8 nan 2.5 7 nan  5  8
0 12 0 0 nan 6   6 nan 12 12

Ö
0 0 nan 8 8
4 8 nan 4 8
4 4 4 -180 0
4 8 4 0 180
2 13 0.3 0 360
6 13 0.3 0 360
