A
0.0000 4.0000 8.0000 NaN 1.6667 6.3333 
0.0000 12.0000 0.0000 NaN 5.0000 5.0000 
Á
0.0000 4.0000 8.0000 NaN 1.6667 6.3333 NaN 3.5000 5.5000 
0.0000 12.0000 0.0000 NaN 5.0000 5.0000 NaN 13.0000 14.5000 
B
5.0000 0.0000 0.0000 4.0000 NaN 0.0000 5.0000 NaN 4.7500 4.8070 4.8641 4.9210 4.9780 5.0348 5.0916 5.1483 5.2048 5.2612 5.3175 5.3736 5.4294 5.4851 5.5406 5.5958 5.6507 5.7054 5.7597 5.8138 5.8675 5.9209 5.9739 6.0266 6.0788 6.1307 6.1821 6.2331 6.2836 6.3337 6.3832 6.4323 6.4808 6.5288 6.5763 6.6232 6.6695 6.7153 6.7604 6.8049 6.8488 6.8920 6.9345 6.9764 7.0176 7.0582 7.0980 7.1370 7.1754 7.2130 7.2498 7.2859 7.3211 7.3556 7.3893 7.4222 7.4543 7.4855 7.5159 7.5454 7.5740 7.6018 7.6288 7.6548 7.6799 7.7041 7.7275 7.7499 7.7714 7.7919 7.8115 7.8302 7.8479 7.8647 7.8805 7.8953 7.9092 7.9221 7.9340 7.9450 7.9549 7.9639 7.9719 7.9789 7.9849 7.9899 7.9939 7.9969 7.9989 7.9999 7.9999 7.9989 7.9969 7.9939 7.9899 7.9849 7.9789 7.9719 7.9639 7.9549 7.9450 7.9340 7.9221 7.9092 7.8953 7.8805 7.8647 7.8479 7.8302 7.8115 7.7919 7.7714 7.7499 7.7275 7.7041 7.6799 7.6548 7.6288 7.6018 7.5740 7.5454 7.5159 7.4855 7.4543 7.4222 7.3893 7.3556 7.3211 7.2859 7.2498 7.2130 7.1754 7.1370 7.0980 7.0582 7.0176 6.9764 6.9345 6.8920 6.8488 6.8049 6.7604 6.7153 6.6695 6.6232 6.5763 6.5288 6.4808 6.4323 6.3832 6.3337 6.2836 6.2331 6.1821 6.1307 6.0788 6.0266 5.9739 5.9209 5.8675 5.8138 5.7597 5.7054 5.6507 5.5958 5.5406 5.4851 5.4294 5.3736 5.3175 5.2612 5.2048 5.1483 5.0916 5.0348 4.9780 4.9210 4.8641 4.8070 4.7500 NaN 4.2500 4.2983 4.3465 4.3947 4.4429 4.4910 4.5391 4.5870 4.6349 4.6826 4.7302 4.7776 4.8249 4.8720 4.9189 4.9656 5.0121 5.0584 5.1044 5.1501 5.1956 5.2408 5.2856 5.3302 5.3744 5.4183 5.4618 5.5049 5.5477 5.5900 5.6320 5.6735 5.7145 5.7552 5.7953 5.8350 5.8742 5.9129 5.9511 5.9887 6.0259 6.0624 6.0985 6.1339 6.1688 6.2031 6.2367 6.2698 6.3022 6.3340 6.3652 6.3957 6.4256 6.4548 6.4833 6.5111 6.5382 6.5646 6.5903 6.6153 6.6396 6.6631 6.6859 6.7079 6.7292 6.7497 6.7694 6.7884 6.8065 6.8239 6.8405 6.8563 6.8713 6.8855 6.8989 6.9114 6.9232 6.9341 6.9442 6.9534 6.9619 6.9695 6.9762 6.9821 6.9872 6.9914 6.9948 6.9974 6.9990 6.9999 6.9999 6.9990 6.9974 6.9948 6.9914 6.9872 6.9821 6.9762 6.9695 6.9619 6.9534 6.9442 6.9341 6.9232 6.9114 6.8989 6.8855 6.8713 6.8563 6.8405 6.8239 6.8065 6.7884 6.7694 6.7497 6.7292 6.7079 6.6859 6.6631 6.6396 6.6153 6.5903 6.5646 6.5382 6.5111 6.4833 6.4548 6.4256 6.3957 6.3652 6.3340 6.3022 6.2698 6.2367 6.2031 6.1688 6.1339 6.0985 6.0624 6.0259 5.9887 5.9511 5.9129 5.8742 5.8350 5.7953 5.7552 5.7145 5.6735 5.6320 5.5900 5.5477 5.5049 5.4618 5.4183 5.3744 5.3302 5.2856 5.2408 5.1956 5.1501 5.1044 5.0584 5.0121 4.9656 4.9189 4.8720 4.8249 4.7776 4.7302 4.6826 4.6349 4.5870 4.5391 4.4910 4.4429 4.3947 4.3465 4.2983 4.2500 
0.0000 0.0000 12.0000 12.0000 NaN 6.5000 6.5000 NaN 0.0000 0.0005 0.0020 0.0045 0.0080 0.0125 0.0180 0.0245 0.0320 0.0405 0.0499 0.0604 0.0718 0.0842 0.0976 0.1120 0.1273 0.1436 0.1608 0.1790 0.1982 0.2183 0.2393 0.2612 0.2841 0.3079 0.3325 0.3581 0.3846 0.4120 0.4402 0.4693 0.4992 0.5300 0.5617 0.5941 0.6274 0.6615 0.6964 0.7321 0.7685 0.8057 0.8437 0.8824 0.9219 0.9620 1.0029 1.0444 1.0867 1.1296 1.1731 1.2173 1.2621 1.3075 1.3536 1.4002 1.4474 1.4951 1.5434 1.5922 1.6415 1.6913 1.7416 1.7923 1.8435 1.8952 1.9472 1.9997 2.0525 2.1057 2.1593 2.2132 2.2674 2.3219 2.3767 2.4318 2.4871 2.5427 2.5985 2.6545 2.7106 2.7670 2.8234 2.8800 2.9368 2.9936 3.0505 3.1074 3.1644 3.2215 3.2785 3.3356 3.3926 3.4495 3.5064 3.5632 3.6200 3.6766 3.7330 3.7894 3.8455 3.9015 3.9573 4.0129 4.0682 4.1233 4.1781 4.2326 4.2868 4.3407 4.3943 4.4475 4.5003 4.5528 4.6048 4.6565 4.7077 4.7584 4.8087 4.8585 4.9078 4.9566 5.0049 5.0526 5.0998 5.1464 5.1925 5.2379 5.2827 5.3269 5.3704 5.4133 5.4556 5.4971 5.5380 5.5781 5.6176 5.6563 5.6943 5.7315 5.7679 5.8036 5.8385 5.8726 5.9059 5.9383 5.9700 6.0008 6.0307 6.0598 6.0880 6.1154 6.1419 6.1675 6.1921 6.2159 6.2388 6.2607 6.2817 6.3018 6.3210 6.3392 6.3564 6.3727 6.3880 6.4024 6.4158 6.4282 6.4396 6.4501 6.4595 6.4680 6.4755 6.4820 6.4875 6.4920 6.4955 6.4980 6.4995 6.5000 NaN 6.5000 6.5004 6.5017 6.5038 6.5068 6.5106 6.5152 6.5207 6.5271 6.5342 6.5422 6.5511 6.5608 6.5713 6.5826 6.5947 6.6077 6.6215 6.6361 6.6515 6.6677 6.6847 6.7025 6.7210 6.7404 6.7605 6.7814 6.8030 6.8254 6.8486 6.8725 6.8971 6.9224 6.9485 6.9753 7.0027 7.0309 7.0597 7.0893 7.1194 7.1503 7.1818 7.2139 7.2467 7.2800 7.3140 7.3486 7.3837 7.4195 7.4558 7.4926 7.5300 7.5679 7.6064 7.6453 7.6848 7.7247 7.7651 7.8059 7.8472 7.8890 7.9311 7.9737 8.0166 8.0599 8.1036 8.1477 8.1920 8.2368 8.2818 8.3271 8.3727 8.4186 8.4647 8.5111 8.5577 8.6045 8.6515 8.6987 8.7461 8.7936 8.8413 8.8891 8.9370 8.9850 9.0330 9.0812 9.1294 9.1776 9.2259 9.2741 9.3224 9.3706 9.4188 9.4670 9.5150 9.5630 9.6109 9.6587 9.7064 9.7539 9.8013 9.8485 9.8955 9.9423 9.9889 10.0353 10.0814 10.1273 10.1729 10.2182 10.2632 10.3080 10.3523 10.3964 10.4401 10.4834 10.5263 10.5689 10.6110 10.6528 10.6941 10.7349 10.7753 10.8152 10.8547 10.8936 10.9321 10.9700 11.0074 11.0442 11.0805 11.1163 11.1514 11.1860 11.2200 11.2533 11.2861 11.3182 11.3497 11.3806 11.4107 11.4403 11.4691 11.4973 11.5247 11.5515 11.5776 11.6029 11.6275 11.6514 11.6746 11.6970 11.7186 11.7395 11.7596 11.7790 11.7975 11.8153 11.8323 11.8485 11.8639 11.8785 11.8923 11.9053 11.9174 11.9287 11.9392 11.9489 11.9578 11.9658 11.9729 11.9793 11.9848 11.9894 11.9932 11.9962 11.9983 11.9996 12.0000 
C
NaN NaN 8.0000 7.9005 7.8005 7.6999 7.5988 7.4972 7.3951 7.2926 7.1897 7.0864 6.9828 6.8789 6.7748 6.6704 6.5658 6.4610 6.3561 6.2510 6.1459 6.0407 5.9356 5.8304 5.7253 5.6203 5.5154 5.4107 5.3061 5.2017 5.0976 4.9938 4.8903 4.7871 4.6843 4.5819 4.4799 4.3784 4.2774 4.1769 4.0770 3.9777 3.8790 3.7809 3.6836 3.5869 3.4910 3.3958 3.3015 3.2080 3.1153 3.0236 2.9327 2.8428 2.7538 2.6659 2.5790 2.4931 2.4083 2.3246 2.2420 2.1606 2.0804 2.0014 1.9236 1.8471 1.7718 1.6978 1.6252 1.5539 1.4839 1.4154 1.3483 1.2825 1.2183 1.1555 1.0942 1.0344 0.9761 0.9194 0.8642 0.8107 0.7587 0.7083 0.6595 0.6124 0.5669 0.5232 0.4810 0.4406 0.4019 0.3649 0.3297 0.2962 0.2644 0.2344 0.2062 0.1798 0.1551 0.1322 0.1112 0.0919 0.0745 0.0589 0.0451 0.0332 0.0230 0.0147 0.0083 0.0037 0.0009 0.0000 0.0009 0.0037 0.0083 0.0147 0.0230 0.0332 0.0451 0.0589 0.0745 0.0919 0.1112 0.1322 0.1551 0.1798 0.2062 0.2344 0.2644 0.2962 0.3297 0.3649 0.4019 0.4406 0.4810 0.5232 0.5669 0.6124 0.6595 0.7083 0.7587 0.8107 0.8642 0.9194 0.9761 1.0344 1.0942 1.1555 1.2183 1.2825 1.3483 1.4154 1.4839 1.5539 1.6252 1.6978 1.7718 1.8471 1.9236 2.0014 2.0804 2.1606 2.2420 2.3246 2.4083 2.4931 2.5790 2.6659 2.7538 2.8428 2.9327 3.0236 3.1153 3.2080 3.3015 3.3958 3.4910 3.5869 3.6836 3.7809 3.8790 3.9777 4.0770 4.1769 4.2774 4.3784 4.4799 4.5819 4.6843 4.7871 4.8903 4.9938 5.0976 5.2017 5.3061 5.4107 5.5154 5.6203 5.7253 5.8304 5.9356 6.0407 6.1459 6.2510 6.3561 6.4610 6.5658 6.6704 6.7748 6.8789 6.9828 7.0864 7.1897 7.2926 7.3951 7.4972 7.5988 7.6999 7.8005 7.9005 8.0000 
NaN NaN 11.6569 11.6910 11.7235 11.7542 11.7831 11.8102 11.8356 11.8591 11.8809 11.9008 11.9190 11.9353 11.9498 11.9624 11.9733 11.9823 11.9894 11.9947 11.9982 11.9999 11.9997 11.9976 11.9937 11.9880 11.9804 11.9710 11.9597 11.9467 11.9318 11.9150 11.8965 11.8761 11.8540 11.8300 11.8042 11.7767 11.7474 11.7163 11.6835 11.6489 11.6126 11.5746 11.5348 11.4934 11.4502 11.4054 11.3589 11.3108 11.2611 11.2097 11.1567 11.1022 11.0460 10.9884 10.9292 10.8684 10.8062 10.7425 10.6774 10.6108 10.5428 10.4734 10.4026 10.3305 10.2570 10.1823 10.1062 10.0289 9.9503 9.8706 9.7896 9.7075 9.6243 9.5399 9.4544 9.3679 9.2804 9.1918 9.1022 9.0118 8.9203 8.8280 8.7348 8.6408 8.5460 8.4503 8.3540 8.2569 8.1591 8.0606 7.9615 7.8619 7.7616 7.6608 7.5595 7.4577 7.3554 7.2528 7.1497 7.0463 6.9426 6.8386 6.7344 6.6299 6.5252 6.4203 6.3154 6.2103 6.1052 6.0000 5.8948 5.7897 5.6846 5.5797 5.4748 5.3701 5.2656 5.1614 5.0574 4.9537 4.8503 4.7472 4.6446 4.5423 4.4405 4.3392 4.2384 4.1381 4.0385 3.9394 3.8409 3.7431 3.6460 3.5497 3.4540 3.3592 3.2652 3.1720 3.0797 2.9882 2.8978 2.8082 2.7196 2.6321 2.5456 2.4601 2.3757 2.2925 2.2104 2.1294 2.0497 1.9711 1.8938 1.8177 1.7430 1.6695 1.5974 1.5266 1.4572 1.3892 1.3226 1.2575 1.1938 1.1316 1.0708 1.0116 0.9540 0.8978 0.8433 0.7903 0.7389 0.6892 0.6411 0.5946 0.5498 0.5066 0.4652 0.4254 0.3874 0.3511 0.3165 0.2837 0.2526 0.2233 0.1958 0.1700 0.1460 0.1239 0.1035 0.0850 0.0682 0.0533 0.0403 0.0290 0.0196 0.0120 0.0063 0.0024 0.0003 0.0001 0.0018 0.0053 0.0106 0.0177 0.0267 0.0376 0.0502 0.0647 0.0810 0.0992 0.1191 0.1409 0.1644 0.1898 0.2169 0.2458 0.2765 0.3090 0.3431 
D
2.0000 0.0000 0.0000 2.0000 NaN 2.0000 2.1053 2.2106 2.3158 2.4209 2.5258 2.6307 2.7353 2.8397 2.9438 3.0476 3.1512 3.2543 3.3571 3.4595 3.5614 3.6628 3.7637 3.8641 3.9639 4.0631 4.1617 4.2596 4.3568 4.4532 4.5490 4.6439 4.7380 4.8313 4.9237 5.0152 5.1058 5.1954 5.2840 5.3716 5.4582 5.5437 5.6282 5.7115 5.7936 5.8746 5.9544 6.0330 6.1104 6.1864 6.2612 6.3347 6.4068 6.4776 6.5470 6.6150 6.6816 6.7467 6.8104 6.8726 6.9333 6.9925 7.0501 7.1062 7.1607 7.2136 7.2649 7.3146 7.3627 7.4091 7.4538 7.4969 7.5382 7.5779 7.6158 7.6520 7.6865 7.7192 7.7502 7.7794 7.8068 7.8324 7.8562 7.8782 7.8984 7.9168 7.9334 7.9481 7.9610 7.9721 7.9813 7.9887 7.9942 7.9979 7.9998 7.9998 7.9979 7.9942 7.9887 7.9813 7.9721 7.9610 7.9481 7.9334 7.9168 7.8984 7.8782 7.8562 7.8324 7.8068 7.7794 7.7502 7.7192 7.6865 7.6520 7.6158 7.5779 7.5382 7.4969 7.4538 7.4091 7.3627 7.3146 7.2649 7.2136 7.1607 7.1062 7.0501 6.9925 6.9333 6.8726 6.8104 6.7467 6.6816 6.6150 6.5470 6.4776 6.4068 6.3347 6.2612 6.1864 6.1104 6.0330 5.9544 5.8746 5.7936 5.7115 5.6282 5.5437 5.4582 5.3716 5.2840 5.1954 5.1058 5.0152 4.9237 4.8313 4.7380 4.6439 4.5490 4.4532 4.3568 4.2596 4.1617 4.0631 3.9639 3.8641 3.7637 3.6628 3.5614 3.4595 3.3571 3.2543 3.1512 3.0476 2.9438 2.8397 2.7353 2.6307 2.5258 2.4209 2.3158 2.2106 2.1053 2.0000 
0.0000 0.0000 12.0000 12.0000 NaN 0.0000 0.0009 0.0037 0.0083 0.0148 0.0231 0.0332 0.0452 0.0590 0.0747 0.0922 0.1115 0.1326 0.1555 0.1802 0.2067 0.2350 0.2651 0.2969 0.3305 0.3659 0.4029 0.4417 0.4822 0.5245 0.5684 0.6139 0.6612 0.7100 0.7605 0.8126 0.8664 0.9217 0.9785 1.0369 1.0969 1.1583 1.2212 1.2857 1.3515 1.4188 1.4875 1.5576 1.6291 1.7019 1.7760 1.8514 1.9282 2.0061 2.0853 2.1657 2.2473 2.3301 2.4139 2.4989 2.5849 2.6721 2.7602 2.8493 2.9394 3.0305 3.1224 3.2152 3.3089 3.4035 3.4988 3.5949 3.6917 3.7893 3.8875 3.9864 4.0859 4.1860 4.2867 4.3878 4.4895 4.5916 4.6942 4.7972 4.9005 5.0042 5.1082 5.2125 5.3170 5.4217 5.5266 5.6317 5.7368 5.8421 5.9473 6.0527 6.1579 6.2632 6.3683 6.4734 6.5783 6.6830 6.7875 6.8918 6.9958 7.0995 7.2028 7.3058 7.4084 7.5105 7.6122 7.7133 7.8140 7.9141 8.0136 8.1125 8.2107 8.3083 8.4051 8.5012 8.5965 8.6911 8.7848 8.8776 8.9695 9.0606 9.1507 9.2398 9.3279 9.4151 9.5011 9.5861 9.6699 9.7527 9.8343 9.9147 9.9939 10.0718 10.1486 10.2240 10.2981 10.3709 10.4424 10.5125 10.5812 10.6485 10.7143 10.7788 10.8417 10.9031 10.9631 11.0215 11.0783 11.1336 11.1874 11.2395 11.2900 11.3388 11.3861 11.4316 11.4755 11.5178 11.5583 11.5971 11.6341 11.6695 11.7031 11.7349 11.7650 11.7933 11.8198 11.8445 11.8674 11.8885 11.9078 11.9253 11.9410 11.9548 11.9668 11.9769 11.9852 11.9917 11.9963 11.9991 12.0000 
Ð
2.0000 1.0000 1.0000 2.0000 NaN 0.0000 2.5000 NaN 2.0000 2.1053 2.2106 2.3158 2.4209 2.5258 2.6307 2.7353 2.8397 2.9438 3.0476 3.1512 3.2543 3.3571 3.4595 3.5614 3.6628 3.7637 3.8641 3.9639 4.0631 4.1617 4.2596 4.3568 4.4532 4.5490 4.6439 4.7380 4.8313 4.9237 5.0152 5.1058 5.1954 5.2840 5.3716 5.4582 5.5437 5.6282 5.7115 5.7936 5.8746 5.9544 6.0330 6.1104 6.1864 6.2612 6.3347 6.4068 6.4776 6.5470 6.6150 6.6816 6.7467 6.8104 6.8726 6.9333 6.9925 7.0501 7.1062 7.1607 7.2136 7.2649 7.3146 7.3627 7.4091 7.4538 7.4969 7.5382 7.5779 7.6158 7.6520 7.6865 7.7192 7.7502 7.7794 7.8068 7.8324 7.8562 7.8782 7.8984 7.9168 7.9334 7.9481 7.9610 7.9721 7.9813 7.9887 7.9942 7.9979 7.9998 7.9998 7.9979 7.9942 7.9887 7.9813 7.9721 7.9610 7.9481 7.9334 7.9168 7.8984 7.8782 7.8562 7.8324 7.8068 7.7794 7.7502 7.7192 7.6865 7.6520 7.6158 7.5779 7.5382 7.4969 7.4538 7.4091 7.3627 7.3146 7.2649 7.2136 7.1607 7.1062 7.0501 6.9925 6.9333 6.8726 6.8104 6.7467 6.6816 6.6150 6.5470 6.4776 6.4068 6.3347 6.2612 6.1864 6.1104 6.0330 5.9544 5.8746 5.7936 5.7115 5.6282 5.5437 5.4582 5.3716 5.2840 5.1954 5.1058 5.0152 4.9237 4.8313 4.7380 4.6439 4.5490 4.4532 4.3568 4.2596 4.1617 4.0631 3.9639 3.8641 3.7637 3.6628 3.5614 3.4595 3.3571 3.2543 3.1512 3.0476 2.9438 2.8397 2.7353 2.6307 2.5258 2.4209 2.3158 2.2106 2.1053 2.0000 
0.0000 0.0000 12.0000 12.0000 NaN 6.0000 6.0000 NaN 0.0000 0.0009 0.0037 0.0083 0.0148 0.0231 0.0332 0.0452 0.0590 0.0747 0.0922 0.1115 0.1326 0.1555 0.1802 0.2067 0.2350 0.2651 0.2969 0.3305 0.3659 0.4029 0.4417 0.4822 0.5245 0.5684 0.6139 0.6612 0.7100 0.7605 0.8126 0.8664 0.9217 0.9785 1.0369 1.0969 1.1583 1.2212 1.2857 1.3515 1.4188 1.4875 1.5576 1.6291 1.7019 1.7760 1.8514 1.9282 2.0061 2.0853 2.1657 2.2473 2.3301 2.4139 2.4989 2.5849 2.6721 2.7602 2.8493 2.9394 3.0305 3.1224 3.2152 3.3089 3.4035 3.4988 3.5949 3.6917 3.7893 3.8875 3.9864 4.0859 4.1860 4.2867 4.3878 4.4895 4.5916 4.6942 4.7972 4.9005 5.0042 5.1082 5.2125 5.3170 5.4217 5.5266 5.6317 5.7368 5.8421 5.9473 6.0527 6.1579 6.2632 6.3683 6.4734 6.5783 6.6830 6.7875 6.8918 6.9958 7.0995 7.2028 7.3058 7.4084 7.5105 7.6122 7.7133 7.8140 7.9141 8.0136 8.1125 8.2107 8.3083 8.4051 8.5012 8.5965 8.6911 8.7848 8.8776 8.9695 9.0606 9.1507 9.2398 9.3279 9.4151 9.5011 9.5861 9.6699 9.7527 9.8343 9.9147 9.9939 10.0718 10.1486 10.2240 10.2981 10.3709 10.4424 10.5125 10.5812 10.6485 10.7143 10.7788 10.8417 10.9031 10.9631 11.0215 11.0783 11.1336 11.1874 11.2395 11.2900 11.3388 11.3861 11.4316 11.4755 11.5178 11.5583 11.5971 11.6341 11.6695 11.7031 11.7349 11.7650 11.7933 11.8198 11.8445 11.8674 11.8885 11.9078 11.9253 11.9410 11.9548 11.9668 11.9769 11.9852 11.9917 11.9963 11.9991 12.0000 
E
8.0000 0.0000 0.0000 8.0000 NaN 0.0000 6.0000 
0.0000 0.0000 12.0000 12.0000 NaN 6.5000 6.5000 
É
8.0000 0.0000 0.0000 8.0000 NaN 0.0000 6.0000 NaN 3.5000 5.5000 
0.0000 0.0000 12.0000 12.0000 NaN 6.5000 6.5000 NaN 13.0000 14.5000 
F
0.0000 0.0000 8.0000 NaN 0.0000 6.0000 
0.0000 12.0000 12.0000 NaN 6.5000 6.5000 
G
8.0000 8.0000 5.0000 NaN 8.0000 7.9005 7.8005 7.6999 7.5988 7.4972 7.3951 7.2926 7.1897 7.0864 6.9828 6.8789 6.7748 6.6704 6.5658 6.4610 6.3561 6.2510 6.1459 6.0407 5.9356 5.8304 5.7253 5.6203 5.5154 5.4107 5.3061 5.2017 5.0976 4.9938 4.8903 4.7871 4.6843 4.5819 4.4799 4.3784 4.2774 4.1769 4.0770 3.9777 3.8790 3.7809 3.6836 3.5869 3.4910 3.3958 3.3015 3.2080 3.1153 3.0236 2.9327 2.8428 2.7538 2.6659 2.5790 2.4931 2.4083 2.3246 2.2420 2.1606 2.0804 2.0014 1.9236 1.8471 1.7718 1.6978 1.6252 1.5539 1.4839 1.4154 1.3483 1.2825 1.2183 1.1555 1.0942 1.0344 0.9761 0.9194 0.8642 0.8107 0.7587 0.7083 0.6595 0.6124 0.5669 0.5232 0.4810 0.4406 0.4019 0.3649 0.3297 0.2962 0.2644 0.2344 0.2062 0.1798 0.1551 0.1322 0.1112 0.0919 0.0745 0.0589 0.0451 0.0332 0.0230 0.0147 0.0083 0.0037 0.0009 0.0000 0.0009 0.0037 0.0083 0.0147 0.0230 0.0332 0.0451 0.0589 0.0745 0.0919 0.1112 0.1322 0.1551 0.1798 0.2062 0.2344 0.2644 0.2962 0.3297 0.3649 0.4019 0.4406 0.4810 0.5232 0.5669 0.6124 0.6595 0.7083 0.7587 0.8107 0.8642 0.9194 0.9761 1.0344 1.0942 1.1555 1.2183 1.2825 1.3483 1.4154 1.4839 1.5539 1.6252 1.6978 1.7718 1.8471 1.9236 2.0014 2.0804 2.1606 2.2420 2.3246 2.4083 2.4931 2.5790 2.6659 2.7538 2.8428 2.9327 3.0236 3.1153 3.2080 3.3015 3.3958 3.4910 3.5869 3.6836 3.7809 3.8790 3.9777 4.0770 4.1769 4.2774 4.3784 4.4799 4.5819 4.6843 4.7871 4.8903 4.9938 5.0976 5.2017 5.3061 5.4107 5.5154 5.6203 5.7253 5.8304 5.9356 6.0407 6.1459 6.2510 6.3561 6.4610 6.5658 6.6704 6.7748 6.8789 6.9828 7.0864 7.1897 7.2926 7.3951 7.4972 7.5988 7.6999 7.8005 7.9005 8.0000 
0.0000 5.0000 5.0000 NaN 11.6569 11.6910 11.7235 11.7542 11.7831 11.8102 11.8356 11.8591 11.8809 11.9008 11.9190 11.9353 11.9498 11.9624 11.9733 11.9823 11.9894 11.9947 11.9982 11.9999 11.9997 11.9976 11.9937 11.9880 11.9804 11.9710 11.9597 11.9467 11.9318 11.9150 11.8965 11.8761 11.8540 11.8300 11.8042 11.7767 11.7474 11.7163 11.6835 11.6489 11.6126 11.5746 11.5348 11.4934 11.4502 11.4054 11.3589 11.3108 11.2611 11.2097 11.1567 11.1022 11.0460 10.9884 10.9292 10.8684 10.8062 10.7425 10.6774 10.6108 10.5428 10.4734 10.4026 10.3305 10.2570 10.1823 10.1062 10.0289 9.9503 9.8706 9.7896 9.7075 9.6243 9.5399 9.4544 9.3679 9.2804 9.1918 9.1022 9.0118 8.9203 8.8280 8.7348 8.6408 8.5460 8.4503 8.3540 8.2569 8.1591 8.0606 7.9615 7.8619 7.7616 7.6608 7.5595 7.4577 7.3554 7.2528 7.1497 7.0463 6.9426 6.8386 6.7344 6.6299 6.5252 6.4203 6.3154 6.2103 6.1052 6.0000 5.8948 5.7897 5.6846 5.5797 5.4748 5.3701 5.2656 5.1614 5.0574 4.9537 4.8503 4.7472 4.6446 4.5423 4.4405 4.3392 4.2384 4.1381 4.0385 3.9394 3.8409 3.7431 3.6460 3.5497 3.4540 3.3592 3.2652 3.1720 3.0797 2.9882 2.8978 2.8082 2.7196 2.6321 2.5456 2.4601 2.3757 2.2925 2.2104 2.1294 2.0497 1.9711 1.8938 1.8177 1.7430 1.6695 1.5974 1.5266 1.4572 1.3892 1.3226 1.2575 1.1938 1.1316 1.0708 1.0116 0.9540 0.8978 0.8433 0.7903 0.7389 0.6892 0.6411 0.5946 0.5498 0.5066 0.4652 0.4254 0.3874 0.3511 0.3165 0.2837 0.2526 0.2233 0.1958 0.1700 0.1460 0.1239 0.1035 0.0850 0.0682 0.0533 0.0403 0.0290 0.0196 0.0120 0.0063 0.0024 0.0003 0.0001 0.0018 0.0053 0.0106 0.0177 0.0267 0.0376 0.0502 0.0647 0.0810 0.0992 0.1191 0.1409 0.1644 0.1898 0.2169 0.2458 0.2765 0.3090 0.3431 
H
0.0000 0.0000 NaN 0.0000 8.0000 NaN 8.0000 8.0000 
0.0000 12.0000 NaN 6.0000 6.0000 NaN 0.0000 12.0000 
I
1.0000 7.0000 NaN 4.0000 4.0000 NaN 1.0000 7.0000 
0.0000 0.0000 NaN 0.0000 12.0000 NaN 12.0000 12.0000 
Í
1.0000 7.0000 NaN 4.0000 4.0000 NaN 1.0000 7.0000 NaN 3.5000 5.5000 
0.0000 0.0000 NaN 0.0000 12.0000 NaN 12.0000 12.0000 NaN 13.0000 14.5000 
J
5.0000 5.0000 NaN 2.0000 8.0000 NaN 0.0000 0.0004 0.0015 0.0035 0.0062 0.0096 0.0138 0.0188 0.0246 0.0311 0.0384 0.0464 0.0552 0.0648 0.0751 0.0861 0.0979 0.1105 0.1237 0.1377 0.1524 0.1679 0.1841 0.2009 0.2185 0.2368 0.2558 0.2755 0.2958 0.3169 0.3386 0.3610 0.3840 0.4077 0.4321 0.4570 0.4826 0.5089 0.5357 0.5631 0.5912 0.6198 0.6490 0.6788 0.7091 0.7400 0.7714 0.8034 0.8359 0.8689 0.9024 0.9364 0.9709 1.0058 1.0412 1.0771 1.1134 1.1501 1.1872 1.2248 1.2627 1.3010 1.3397 1.3787 1.4181 1.4578 1.4979 1.5382 1.5789 1.6198 1.6610 1.7025 1.7442 1.7861 1.8283 1.8706 1.9132 1.9559 1.9988 2.0419 2.0851 2.1284 2.1719 2.2154 2.2591 2.3028 2.3465 2.3903 2.4342 2.4781 2.5219 2.5658 2.6097 2.6535 2.6972 2.7409 2.7846 2.8281 2.8716 2.9149 2.9581 3.0012 3.0441 3.0868 3.1294 3.1717 3.2139 3.2558 3.2975 3.3390 3.3802 3.4211 3.4618 3.5021 3.5422 3.5819 3.6213 3.6603 3.6990 3.7373 3.7752 3.8128 3.8499 3.8866 3.9229 3.9588 3.9942 4.0291 4.0636 4.0976 4.1311 4.1641 4.1966 4.2286 4.2600 4.2909 4.3212 4.3510 4.3802 4.4088 4.4369 4.4643 4.4911 4.5174 4.5430 4.5679 4.5923 4.6160 4.6390 4.6614 4.6831 4.7042 4.7245 4.7442 4.7632 4.7815 4.7991 4.8159 4.8321 4.8476 4.8623 4.8763 4.8895 4.9021 4.9139 4.9249 4.9352 4.9448 4.9536 4.9616 4.9689 4.9754 4.9812 4.9862 4.9904 4.9938 4.9965 4.9985 4.9996 5.0000 
2.5000 12.0000 NaN 12.0000 12.0000 NaN 2.5000 2.4561 2.4123 2.3684 2.3246 2.2809 2.2372 2.1936 2.1501 2.1067 2.0635 2.0203 1.9774 1.9345 1.8919 1.8494 1.8072 1.7651 1.7233 1.6817 1.6404 1.5993 1.5585 1.5180 1.4778 1.4379 1.3984 1.3592 1.3203 1.2818 1.2437 1.2059 1.1686 1.1317 1.0952 1.0591 1.0234 0.9883 0.9536 0.9193 0.8856 0.8523 0.8196 0.7874 0.7557 0.7245 0.6939 0.6638 0.6343 0.6054 0.5771 0.5493 0.5222 0.4957 0.4697 0.4445 0.4198 0.3958 0.3724 0.3497 0.3277 0.3063 0.2856 0.2656 0.2462 0.2276 0.2096 0.1924 0.1759 0.1601 0.1450 0.1306 0.1170 0.1041 0.0919 0.0805 0.0698 0.0599 0.0507 0.0423 0.0347 0.0278 0.0216 0.0163 0.0116 0.0078 0.0047 0.0024 0.0009 0.0001 0.0001 0.0009 0.0024 0.0047 0.0078 0.0116 0.0163 0.0216 0.0278 0.0347 0.0423 0.0507 0.0599 0.0698 0.0805 0.0919 0.1041 0.1170 0.1306 0.1450 0.1601 0.1759 0.1924 0.2096 0.2276 0.2462 0.2656 0.2856 0.3063 0.3277 0.3497 0.3724 0.3958 0.4198 0.4445 0.4697 0.4957 0.5222 0.5493 0.5771 0.6054 0.6343 0.6638 0.6939 0.7245 0.7557 0.7874 0.8196 0.8523 0.8856 0.9193 0.9536 0.9883 1.0234 1.0591 1.0952 1.1317 1.1686 1.2059 1.2437 1.2818 1.3203 1.3592 1.3984 1.4379 1.4778 1.5180 1.5585 1.5993 1.6404 1.6817 1.7233 1.7651 1.8072 1.8494 1.8919 1.9345 1.9774 2.0203 2.0635 2.1067 2.1501 2.1936 2.2372 2.2809 2.3246 2.3684 2.4123 2.4561 2.5000 
K
0.0000 0.0000 NaN 2.0000 8.0000 NaN 0.0000 8.0000 
0.0000 12.0000 NaN 7.5000 0.0000 NaN 6.0000 12.0000 
L
0.0000 0.0000 8.0000 
12.0000 0.0000 0.0000 
M
0.0000 0.0000 4.0000 8.0000 8.0000 
0.0000 12.0000 5.0000 12.0000 0.0000 
N
0.0000 0.0000 8.0000 8.0000 
0.0000 12.0000 0.0000 12.0000 
O
0.0000 0.0000 NaN 8.0000 8.0000 NaN 0.0000 0.0006 0.0025 0.0055 0.0099 0.0154 0.0222 0.0301 0.0394 0.0498 0.0614 0.0743 0.0884 0.1037 0.1201 0.1378 0.1567 0.1767 0.1979 0.2203 0.2439 0.2686 0.2945 0.3215 0.3496 0.3789 0.4093 0.4408 0.4733 0.5070 0.5418 0.5776 0.6144 0.6523 0.6913 0.7312 0.7722 0.8142 0.8571 0.9010 0.9459 0.9917 1.0384 1.0860 1.1346 1.1840 1.2343 1.2854 1.3374 1.3902 1.4438 1.4982 1.5534 1.6093 1.6659 1.7233 1.7814 1.8401 1.8995 1.9596 2.0203 2.0816 2.1435 2.2060 2.2690 2.3325 2.3966 2.4612 2.5262 2.5917 2.6576 2.7239 2.7907 2.8578 2.9252 2.9930 3.0611 3.1295 3.1981 3.2670 3.3362 3.4055 3.4750 3.5447 3.6145 3.6844 3.7544 3.8245 3.8947 3.9649 4.0351 4.1053 4.1755 4.2456 4.3156 4.3855 4.4553 4.5250 4.5945 4.6638 4.7330 4.8019 4.8705 4.9389 5.0070 5.0748 5.1422 5.2093 5.2761 5.3424 5.4083 5.4738 5.5388 5.6034 5.6675 5.7310 5.7940 5.8565 5.9184 5.9797 6.0404 6.1005 6.1599 6.2186 6.2767 6.3341 6.3907 6.4466 6.5018 6.5562 6.6098 6.6626 6.7146 6.7657 6.8160 6.8654 6.9140 6.9616 7.0083 7.0541 7.0990 7.1429 7.1858 7.2278 7.2688 7.3087 7.3477 7.3856 7.4224 7.4582 7.4930 7.5267 7.5592 7.5907 7.6211 7.6504 7.6785 7.7055 7.7314 7.7561 7.7797 7.8021 7.8233 7.8433 7.8622 7.8799 7.8963 7.9116 7.9257 7.9386 7.9502 7.9606 7.9699 7.9778 7.9846 7.9901 7.9945 7.9975 7.9994 8.0000 NaN 8.0000 7.9994 7.9975 7.9945 7.9901 7.9846 7.9778 7.9699 7.9606 7.9502 7.9386 7.9257 7.9116 7.8963 7.8799 7.8622 7.8433 7.8233 7.8021 7.7797 7.7561 7.7314 7.7055 7.6785 7.6504 7.6211 7.5907 7.5592 7.5267 7.4930 7.4582 7.4224 7.3856 7.3477 7.3087 7.2688 7.2278 7.1858 7.1429 7.0990 7.0541 7.0083 6.9616 6.9140 6.8654 6.8160 6.7657 6.7146 6.6626 6.6098 6.5562 6.5018 6.4466 6.3907 6.3341 6.2767 6.2186 6.1599 6.1005 6.0404 5.9797 5.9184 5.8565 5.7940 5.7310 5.6675 5.6034 5.5388 5.4738 5.4083 5.3424 5.2761 5.2093 5.1422 5.0748 5.0070 4.9389 4.8705 4.8019 4.7330 4.6638 4.5945 4.5250 4.4553 4.3855 4.3156 4.2456 4.1755 4.1053 4.0351 3.9649 3.8947 3.8245 3.7544 3.6844 3.6145 3.5447 3.4750 3.4055 3.3362 3.2670 3.1981 3.1295 3.0611 2.9930 2.9252 2.8578 2.7907 2.7239 2.6576 2.5917 2.5262 2.4612 2.3966 2.3325 2.2690 2.2060 2.1435 2.0816 2.0203 1.9596 1.8995 1.8401 1.7814 1.7233 1.6659 1.6093 1.5534 1.4982 1.4438 1.3902 1.3374 1.2854 1.2343 1.1840 1.1346 1.0860 1.0384 0.9917 0.9459 0.9010 0.8571 0.8142 0.7722 0.7312 0.6913 0.6523 0.6144 0.5776 0.5418 0.5070 0.4733 0.4408 0.4093 0.3789 0.3496 0.3215 0.2945 0.2686 0.2439 0.2203 0.1979 0.1767 0.1567 0.1378 0.1201 0.1037 0.0884 0.0743 0.0614 0.0498 0.0394 0.0301 0.0222 0.0154 0.0099 0.0055 0.0025 0.0006 0.0000 
4.0000 8.0000 NaN 4.0000 8.0000 NaN 4.0000 3.9298 3.8596 3.7895 3.7194 3.6494 3.5796 3.5098 3.4402 3.3708 3.3016 3.2326 3.1638 3.0953 3.0270 2.9591 2.8915 2.8242 2.7573 2.6907 2.6246 2.5589 2.4936 2.4288 2.3645 2.3007 2.2374 2.1747 2.1125 2.0509 1.9899 1.9295 1.8697 1.8107 1.7522 1.6945 1.6375 1.5812 1.5257 1.4709 1.4169 1.3637 1.3113 1.2598 1.2090 1.1592 1.1102 1.0621 1.0149 0.9687 0.9233 0.8789 0.8355 0.7931 0.7516 0.7111 0.6717 0.6333 0.5959 0.5595 0.5243 0.4900 0.4569 0.4249 0.3940 0.3641 0.3354 0.3078 0.2814 0.2561 0.2320 0.2090 0.1872 0.1666 0.1471 0.1288 0.1118 0.0959 0.0812 0.0677 0.0555 0.0444 0.0346 0.0260 0.0186 0.0125 0.0075 0.0038 0.0014 0.0002 0.0002 0.0014 0.0038 0.0075 0.0125 0.0186 0.0260 0.0346 0.0444 0.0555 0.0677 0.0812 0.0959 0.1118 0.1288 0.1471 0.1666 0.1872 0.2090 0.2320 0.2561 0.2814 0.3078 0.3354 0.3641 0.3940 0.4249 0.4569 0.4900 0.5243 0.5595 0.5959 0.6333 0.6717 0.7111 0.7516 0.7931 0.8355 0.8789 0.9233 0.9687 1.0149 1.0621 1.1102 1.1592 1.2090 1.2598 1.3113 1.3637 1.4169 1.4709 1.5257 1.5812 1.6375 1.6945 1.7522 1.8107 1.8697 1.9295 1.9899 2.0509 2.1125 2.1747 2.2374 2.3007 2.3645 2.4288 2.4936 2.5589 2.6246 2.6907 2.7573 2.8242 2.8915 2.9591 3.0270 3.0953 3.1638 3.2326 3.3016 3.3708 3.4402 3.5098 3.5796 3.6494 3.7194 3.7895 3.8596 3.9298 4.0000 NaN 8.0000 8.0702 8.1404 8.2105 8.2806 8.3506 8.4204 8.4902 8.5598 8.6292 8.6984 8.7674 8.8362 8.9047 8.9730 9.0409 9.1085 9.1758 9.2427 9.3093 9.3754 9.4411 9.5064 9.5712 9.6355 9.6993 9.7626 9.8253 9.8875 9.9491 10.0101 10.0705 10.1303 10.1893 10.2478 10.3055 10.3625 10.4188 10.4743 10.5291 10.5831 10.6363 10.6887 10.7402 10.7910 10.8408 10.8898 10.9379 10.9851 11.0313 11.0767 11.1211 11.1645 11.2069 11.2484 11.2889 11.3283 11.3667 11.4041 11.4405 11.4757 11.5100 11.5431 11.5751 11.6060 11.6359 11.6646 11.6922 11.7186 11.7439 11.7680 11.7910 11.8128 11.8334 11.8529 11.8712 11.8882 11.9041 11.9188 11.9323 11.9445 11.9556 11.9654 11.9740 11.9814 11.9875 11.9925 11.9962 11.9986 11.9998 11.9998 11.9986 11.9962 11.9925 11.9875 11.9814 11.9740 11.9654 11.9556 11.9445 11.9323 11.9188 11.9041 11.8882 11.8712 11.8529 11.8334 11.8128 11.7910 11.7680 11.7439 11.7186 11.6922 11.6646 11.6359 11.6060 11.5751 11.5431 11.5100 11.4757 11.4405 11.4041 11.3667 11.3283 11.2889 11.2484 11.2069 11.1645 11.1211 11.0767 11.0313 10.9851 10.9379 10.8898 10.8408 10.7910 10.7402 10.6887 10.6363 10.5831 10.5291 10.4743 10.4188 10.3625 10.3055 10.2478 10.1893 10.1303 10.0705 10.0101 9.9491 9.8875 9.8253 9.7626 9.6993 9.6355 9.5712 9.5064 9.4411 9.3754 9.3093 9.2427 9.1758 9.1085 9.0409 8.9730 8.9047 8.8362 8.7674 8.6984 8.6292 8.5598 8.4902 8.4204 8.3506 8.2806 8.2105 8.1404 8.0702 8.0000 
Ó
0.0000 0.0000 NaN 8.0000 8.0000 NaN 0.0000 0.0006 0.0025 0.0055 0.0099 0.0154 0.0222 0.0301 0.0394 0.0498 0.0614 0.0743 0.0884 0.1037 0.1201 0.1378 0.1567 0.1767 0.1979 0.2203 0.2439 0.2686 0.2945 0.3215 0.3496 0.3789 0.4093 0.4408 0.4733 0.5070 0.5418 0.5776 0.6144 0.6523 0.6913 0.7312 0.7722 0.8142 0.8571 0.9010 0.9459 0.9917 1.0384 1.0860 1.1346 1.1840 1.2343 1.2854 1.3374 1.3902 1.4438 1.4982 1.5534 1.6093 1.6659 1.7233 1.7814 1.8401 1.8995 1.9596 2.0203 2.0816 2.1435 2.2060 2.2690 2.3325 2.3966 2.4612 2.5262 2.5917 2.6576 2.7239 2.7907 2.8578 2.9252 2.9930 3.0611 3.1295 3.1981 3.2670 3.3362 3.4055 3.4750 3.5447 3.6145 3.6844 3.7544 3.8245 3.8947 3.9649 4.0351 4.1053 4.1755 4.2456 4.3156 4.3855 4.4553 4.5250 4.5945 4.6638 4.7330 4.8019 4.8705 4.9389 5.0070 5.0748 5.1422 5.2093 5.2761 5.3424 5.4083 5.4738 5.5388 5.6034 5.6675 5.7310 5.7940 5.8565 5.9184 5.9797 6.0404 6.1005 6.1599 6.2186 6.2767 6.3341 6.3907 6.4466 6.5018 6.5562 6.6098 6.6626 6.7146 6.7657 6.8160 6.8654 6.9140 6.9616 7.0083 7.0541 7.0990 7.1429 7.1858 7.2278 7.2688 7.3087 7.3477 7.3856 7.4224 7.4582 7.4930 7.5267 7.5592 7.5907 7.6211 7.6504 7.6785 7.7055 7.7314 7.7561 7.7797 7.8021 7.8233 7.8433 7.8622 7.8799 7.8963 7.9116 7.9257 7.9386 7.9502 7.9606 7.9699 7.9778 7.9846 7.9901 7.9945 7.9975 7.9994 8.0000 NaN 8.0000 7.9994 7.9975 7.9945 7.9901 7.9846 7.9778 7.9699 7.9606 7.9502 7.9386 7.9257 7.9116 7.8963 7.8799 7.8622 7.8433 7.8233 7.8021 7.7797 7.7561 7.7314 7.7055 7.6785 7.6504 7.6211 7.5907 7.5592 7.5267 7.4930 7.4582 7.4224 7.3856 7.3477 7.3087 7.2688 7.2278 7.1858 7.1429 7.0990 7.0541 7.0083 6.9616 6.9140 6.8654 6.8160 6.7657 6.7146 6.6626 6.6098 6.5562 6.5018 6.4466 6.3907 6.3341 6.2767 6.2186 6.1599 6.1005 6.0404 5.9797 5.9184 5.8565 5.7940 5.7310 5.6675 5.6034 5.5388 5.4738 5.4083 5.3424 5.2761 5.2093 5.1422 5.0748 5.0070 4.9389 4.8705 4.8019 4.7330 4.6638 4.5945 4.5250 4.4553 4.3855 4.3156 4.2456 4.1755 4.1053 4.0351 3.9649 3.8947 3.8245 3.7544 3.6844 3.6145 3.5447 3.4750 3.4055 3.3362 3.2670 3.1981 3.1295 3.0611 2.9930 2.9252 2.8578 2.7907 2.7239 2.6576 2.5917 2.5262 2.4612 2.3966 2.3325 2.2690 2.2060 2.1435 2.0816 2.0203 1.9596 1.8995 1.8401 1.7814 1.7233 1.6659 1.6093 1.5534 1.4982 1.4438 1.3902 1.3374 1.2854 1.2343 1.1840 1.1346 1.0860 1.0384 0.9917 0.9459 0.9010 0.8571 0.8142 0.7722 0.7312 0.6913 0.6523 0.6144 0.5776 0.5418 0.5070 0.4733 0.4408 0.4093 0.3789 0.3496 0.3215 0.2945 0.2686 0.2439 0.2203 0.1979 0.1767 0.1567 0.1378 0.1201 0.1037 0.0884 0.0743 0.0614 0.0498 0.0394 0.0301 0.0222 0.0154 0.0099 0.0055 0.0025 0.0006 0.0000 NaN 3.5000 5.5000 
4.0000 8.0000 NaN 4.0000 8.0000 NaN 4.0000 3.9298 3.8596 3.7895 3.7194 3.6494 3.5796 3.5098 3.4402 3.3708 3.3016 3.2326 3.1638 3.0953 3.0270 2.9591 2.8915 2.8242 2.7573 2.6907 2.6246 2.5589 2.4936 2.4288 2.3645 2.3007 2.2374 2.1747 2.1125 2.0509 1.9899 1.9295 1.8697 1.8107 1.7522 1.6945 1.6375 1.5812 1.5257 1.4709 1.4169 1.3637 1.3113 1.2598 1.2090 1.1592 1.1102 1.0621 1.0149 0.9687 0.9233 0.8789 0.8355 0.7931 0.7516 0.7111 0.6717 0.6333 0.5959 0.5595 0.5243 0.4900 0.4569 0.4249 0.3940 0.3641 0.3354 0.3078 0.2814 0.2561 0.2320 0.2090 0.1872 0.1666 0.1471 0.1288 0.1118 0.0959 0.0812 0.0677 0.0555 0.0444 0.0346 0.0260 0.0186 0.0125 0.0075 0.0038 0.0014 0.0002 0.0002 0.0014 0.0038 0.0075 0.0125 0.0186 0.0260 0.0346 0.0444 0.0555 0.0677 0.0812 0.0959 0.1118 0.1288 0.1471 0.1666 0.1872 0.2090 0.2320 0.2561 0.2814 0.3078 0.3354 0.3641 0.3940 0.4249 0.4569 0.4900 0.5243 0.5595 0.5959 0.6333 0.6717 0.7111 0.7516 0.7931 0.8355 0.8789 0.9233 0.9687 1.0149 1.0621 1.1102 1.1592 1.2090 1.2598 1.3113 1.3637 1.4169 1.4709 1.5257 1.5812 1.6375 1.6945 1.7522 1.8107 1.8697 1.9295 1.9899 2.0509 2.1125 2.1747 2.2374 2.3007 2.3645 2.4288 2.4936 2.5589 2.6246 2.6907 2.7573 2.8242 2.8915 2.9591 3.0270 3.0953 3.1638 3.2326 3.3016 3.3708 3.4402 3.5098 3.5796 3.6494 3.7194 3.7895 3.8596 3.9298 4.0000 NaN 8.0000 8.0702 8.1404 8.2105 8.2806 8.3506 8.4204 8.4902 8.5598 8.6292 8.6984 8.7674 8.8362 8.9047 8.9730 9.0409 9.1085 9.1758 9.2427 9.3093 9.3754 9.4411 9.5064 9.5712 9.6355 9.6993 9.7626 9.8253 9.8875 9.9491 10.0101 10.0705 10.1303 10.1893 10.2478 10.3055 10.3625 10.4188 10.4743 10.5291 10.5831 10.6363 10.6887 10.7402 10.7910 10.8408 10.8898 10.9379 10.9851 11.0313 11.0767 11.1211 11.1645 11.2069 11.2484 11.2889 11.3283 11.3667 11.4041 11.4405 11.4757 11.5100 11.5431 11.5751 11.6060 11.6359 11.6646 11.6922 11.7186 11.7439 11.7680 11.7910 11.8128 11.8334 11.8529 11.8712 11.8882 11.9041 11.9188 11.9323 11.9445 11.9556 11.9654 11.9740 11.9814 11.9875 11.9925 11.9962 11.9986 11.9998 11.9998 11.9986 11.9962 11.9925 11.9875 11.9814 11.9740 11.9654 11.9556 11.9445 11.9323 11.9188 11.9041 11.8882 11.8712 11.8529 11.8334 11.8128 11.7910 11.7680 11.7439 11.7186 11.6922 11.6646 11.6359 11.6060 11.5751 11.5431 11.5100 11.4757 11.4405 11.4041 11.3667 11.3283 11.2889 11.2484 11.2069 11.1645 11.1211 11.0767 11.0313 10.9851 10.9379 10.8898 10.8408 10.7910 10.7402 10.6887 10.6363 10.5831 10.5291 10.4743 10.4188 10.3625 10.3055 10.2478 10.1893 10.1303 10.0705 10.0101 9.9491 9.8875 9.8253 9.7626 9.6993 9.6355 9.5712 9.5064 9.4411 9.3754 9.3093 9.2427 9.1758 9.1085 9.0409 8.9730 8.9047 8.8362 8.7674 8.6984 8.6292 8.5598 8.4902 8.4204 8.3506 8.2806 8.2105 8.1404 8.0702 8.0000 NaN 13.0000 14.5000 
P
0.0000 0.0000 5.0000 NaN 0.0000 5.0000 NaN 5.0000 5.0526 5.1053 5.1579 5.2104 5.2629 5.3153 5.3676 5.4198 5.4719 5.5238 5.5756 5.6272 5.6786 5.7297 5.7807 5.8314 5.8819 5.9321 5.9820 6.0316 6.0808 6.1298 6.1784 6.2266 6.2745 6.3219 6.3690 6.4156 6.4618 6.5076 6.5529 6.5977 6.6420 6.6858 6.7291 6.7719 6.8141 6.8557 6.8968 6.9373 6.9772 7.0165 7.0552 7.0932 7.1306 7.1673 7.2034 7.2388 7.2735 7.3075 7.3408 7.3734 7.4052 7.4363 7.4666 7.4962 7.5251 7.5531 7.5803 7.6068 7.6325 7.6573 7.6813 7.7045 7.7269 7.7484 7.7691 7.7889 7.8079 7.8260 7.8432 7.8596 7.8751 7.8897 7.9034 7.9162 7.9281 7.9391 7.9492 7.9584 7.9667 7.9740 7.9805 7.9860 7.9906 7.9943 7.9971 7.9990 7.9999 7.9999 7.9990 7.9971 7.9943 7.9906 7.9860 7.9805 7.9740 7.9667 7.9584 7.9492 7.9391 7.9281 7.9162 7.9034 7.8897 7.8751 7.8596 7.8432 7.8260 7.8079 7.7889 7.7691 7.7484 7.7269 7.7045 7.6813 7.6573 7.6325 7.6068 7.5803 7.5531 7.5251 7.4962 7.4666 7.4363 7.4052 7.3734 7.3408 7.3075 7.2735 7.2388 7.2034 7.1673 7.1306 7.0932 7.0552 7.0165 6.9772 6.9373 6.8968 6.8557 6.8141 6.7719 6.7291 6.6858 6.6420 6.5977 6.5529 6.5076 6.4618 6.4156 6.3690 6.3219 6.2745 6.2266 6.1784 6.1298 6.0808 6.0316 5.9820 5.9321 5.8819 5.8314 5.7807 5.7297 5.6786 5.6272 5.5756 5.5238 5.4719 5.4198 5.3676 5.3153 5.2629 5.2104 5.1579 5.1053 5.0526 5.0000 
0.0000 12.0000 12.0000 NaN 6.0000 6.0000 NaN 6.0000 6.0005 6.0018 6.0042 6.0074 6.0115 6.0166 6.0226 6.0295 6.0373 6.0461 6.0557 6.0663 6.0777 6.0901 6.1034 6.1175 6.1325 6.1485 6.1653 6.1829 6.2015 6.2209 6.2411 6.2622 6.2842 6.3070 6.3306 6.3550 6.3803 6.4063 6.4332 6.4608 6.4893 6.5185 6.5484 6.5792 6.6106 6.6428 6.6758 6.7094 6.7438 6.7788 6.8145 6.8509 6.8880 6.9257 6.9641 7.0031 7.0427 7.0829 7.1237 7.1650 7.2070 7.2494 7.2925 7.3360 7.3801 7.4247 7.4697 7.5152 7.5612 7.6076 7.6545 7.7017 7.7494 7.7975 7.8459 7.8946 7.9438 7.9932 8.0430 8.0930 8.1433 8.1939 8.2448 8.2958 8.3471 8.3986 8.4503 8.5021 8.5541 8.6062 8.6585 8.7109 8.7633 8.8158 8.8684 8.9210 8.9737 9.0263 9.0790 9.1316 9.1842 9.2367 9.2891 9.3415 9.3938 9.4459 9.4979 9.5497 9.6014 9.6529 9.7042 9.7552 9.8061 9.8567 9.9070 9.9570 10.0068 10.0562 10.1054 10.1541 10.2025 10.2506 10.2983 10.3455 10.3924 10.4388 10.4848 10.5303 10.5753 10.6199 10.6640 10.7075 10.7506 10.7930 10.8350 10.8763 10.9171 10.9573 10.9969 11.0359 11.0743 11.1120 11.1491 11.1855 11.2212 11.2562 11.2906 11.3242 11.3572 11.3894 11.4208 11.4516 11.4815 11.5107 11.5392 11.5668 11.5937 11.6197 11.6450 11.6694 11.6930 11.7158 11.7378 11.7589 11.7791 11.7985 11.8171 11.8347 11.8515 11.8675 11.8825 11.8966 11.9099 11.9223 11.9337 11.9443 11.9539 11.9627 11.9705 11.9774 11.9834 11.9885 11.9926 11.9958 11.9982 11.9995 12.0000 
Q
0.0000 0.0000 NaN 8.0000 8.0000 NaN 5.0000 8.0000 NaN 0.0000 0.0006 0.0025 0.0055 0.0099 0.0154 0.0222 0.0301 0.0394 0.0498 0.0614 0.0743 0.0884 0.1037 0.1201 0.1378 0.1567 0.1767 0.1979 0.2203 0.2439 0.2686 0.2945 0.3215 0.3496 0.3789 0.4093 0.4408 0.4733 0.5070 0.5418 0.5776 0.6144 0.6523 0.6913 0.7312 0.7722 0.8142 0.8571 0.9010 0.9459 0.9917 1.0384 1.0860 1.1346 1.1840 1.2343 1.2854 1.3374 1.3902 1.4438 1.4982 1.5534 1.6093 1.6659 1.7233 1.7814 1.8401 1.8995 1.9596 2.0203 2.0816 2.1435 2.2060 2.2690 2.3325 2.3966 2.4612 2.5262 2.5917 2.6576 2.7239 2.7907 2.8578 2.9252 2.9930 3.0611 3.1295 3.1981 3.2670 3.3362 3.4055 3.4750 3.5447 3.6145 3.6844 3.7544 3.8245 3.8947 3.9649 4.0351 4.1053 4.1755 4.2456 4.3156 4.3855 4.4553 4.5250 4.5945 4.6638 4.7330 4.8019 4.8705 4.9389 5.0070 5.0748 5.1422 5.2093 5.2761 5.3424 5.4083 5.4738 5.5388 5.6034 5.6675 5.7310 5.7940 5.8565 5.9184 5.9797 6.0404 6.1005 6.1599 6.2186 6.2767 6.3341 6.3907 6.4466 6.5018 6.5562 6.6098 6.6626 6.7146 6.7657 6.8160 6.8654 6.9140 6.9616 7.0083 7.0541 7.0990 7.1429 7.1858 7.2278 7.2688 7.3087 7.3477 7.3856 7.4224 7.4582 7.4930 7.5267 7.5592 7.5907 7.6211 7.6504 7.6785 7.7055 7.7314 7.7561 7.7797 7.8021 7.8233 7.8433 7.8622 7.8799 7.8963 7.9116 7.9257 7.9386 7.9502 7.9606 7.9699 7.9778 7.9846 7.9901 7.9945 7.9975 7.9994 8.0000 NaN 8.0000 7.9994 7.9975 7.9945 7.9901 7.9846 7.9778 7.9699 7.9606 7.9502 7.9386 7.9257 7.9116 7.8963 7.8799 7.8622 7.8433 7.8233 7.8021 7.7797 7.7561 7.7314 7.7055 7.6785 7.6504 7.6211 7.5907 7.5592 7.5267 7.4930 7.4582 7.4224 7.3856 7.3477 7.3087 7.2688 7.2278 7.1858 7.1429 7.0990 7.0541 7.0083 6.9616 6.9140 6.8654 6.8160 6.7657 6.7146 6.6626 6.6098 6.5562 6.5018 6.4466 6.3907 6.3341 6.2767 6.2186 6.1599 6.1005 6.0404 5.9797 5.9184 5.8565 5.7940 5.7310 5.6675 5.6034 5.5388 5.4738 5.4083 5.3424 5.2761 5.2093 5.1422 5.0748 5.0070 4.9389 4.8705 4.8019 4.7330 4.6638 4.5945 4.5250 4.4553 4.3855 4.3156 4.2456 4.1755 4.1053 4.0351 3.9649 3.8947 3.8245 3.7544 3.6844 3.6145 3.5447 3.4750 3.4055 3.3362 3.2670 3.1981 3.1295 3.0611 2.9930 2.9252 2.8578 2.7907 2.7239 2.6576 2.5917 2.5262 2.4612 2.3966 2.3325 2.2690 2.2060 2.1435 2.0816 2.0203 1.9596 1.8995 1.8401 1.7814 1.7233 1.6659 1.6093 1.5534 1.4982 1.4438 1.3902 1.3374 1.2854 1.2343 1.1840 1.1346 1.0860 1.0384 0.9917 0.9459 0.9010 0.8571 0.8142 0.7722 0.7312 0.6913 0.6523 0.6144 0.5776 0.5418 0.5070 0.4733 0.4408 0.4093 0.3789 0.3496 0.3215 0.2945 0.2686 0.2439 0.2203 0.1979 0.1767 0.1567 0.1378 0.1201 0.1037 0.0884 0.0743 0.0614 0.0498 0.0394 0.0301 0.0222 0.0154 0.0099 0.0055 0.0025 0.0006 0.0000 
4.0000 8.0000 NaN 4.0000 8.0000 NaN 3.0000 0.0000 NaN 4.0000 3.9298 3.8596 3.7895 3.7194 3.6494 3.5796 3.5098 3.4402 3.3708 3.3016 3.2326 3.1638 3.0953 3.0270 2.9591 2.8915 2.8242 2.7573 2.6907 2.6246 2.5589 2.4936 2.4288 2.3645 2.3007 2.2374 2.1747 2.1125 2.0509 1.9899 1.9295 1.8697 1.8107 1.7522 1.6945 1.6375 1.5812 1.5257 1.4709 1.4169 1.3637 1.3113 1.2598 1.2090 1.1592 1.1102 1.0621 1.0149 0.9687 0.9233 0.8789 0.8355 0.7931 0.7516 0.7111 0.6717 0.6333 0.5959 0.5595 0.5243 0.4900 0.4569 0.4249 0.3940 0.3641 0.3354 0.3078 0.2814 0.2561 0.2320 0.2090 0.1872 0.1666 0.1471 0.1288 0.1118 0.0959 0.0812 0.0677 0.0555 0.0444 0.0346 0.0260 0.0186 0.0125 0.0075 0.0038 0.0014 0.0002 0.0002 0.0014 0.0038 0.0075 0.0125 0.0186 0.0260 0.0346 0.0444 0.0555 0.0677 0.0812 0.0959 0.1118 0.1288 0.1471 0.1666 0.1872 0.2090 0.2320 0.2561 0.2814 0.3078 0.3354 0.3641 0.3940 0.4249 0.4569 0.4900 0.5243 0.5595 0.5959 0.6333 0.6717 0.7111 0.7516 0.7931 0.8355 0.8789 0.9233 0.9687 1.0149 1.0621 1.1102 1.1592 1.2090 1.2598 1.3113 1.3637 1.4169 1.4709 1.5257 1.5812 1.6375 1.6945 1.7522 1.8107 1.8697 1.9295 1.9899 2.0509 2.1125 2.1747 2.2374 2.3007 2.3645 2.4288 2.4936 2.5589 2.6246 2.6907 2.7573 2.8242 2.8915 2.9591 3.0270 3.0953 3.1638 3.2326 3.3016 3.3708 3.4402 3.5098 3.5796 3.6494 3.7194 3.7895 3.8596 3.9298 4.0000 NaN 8.0000 8.0702 8.1404 8.2105 8.2806 8.3506 8.4204 8.4902 8.5598 8.6292 8.6984 8.7674 8.8362 8.9047 8.9730 9.0409 9.1085 9.1758 9.2427 9.3093 9.3754 9.4411 9.5064 9.5712 9.6355 9.6993 9.7626 9.8253 9.8875 9.9491 10.0101 10.0705 10.1303 10.1893 10.2478 10.3055 10.3625 10.4188 10.4743 10.5291 10.5831 10.6363 10.6887 10.7402 10.7910 10.8408 10.8898 10.9379 10.9851 11.0313 11.0767 11.1211 11.1645 11.2069 11.2484 11.2889 11.3283 11.3667 11.4041 11.4405 11.4757 11.5100 11.5431 11.5751 11.6060 11.6359 11.6646 11.6922 11.7186 11.7439 11.7680 11.7910 11.8128 11.8334 11.8529 11.8712 11.8882 11.9041 11.9188 11.9323 11.9445 11.9556 11.9654 11.9740 11.9814 11.9875 11.9925 11.9962 11.9986 11.9998 11.9998 11.9986 11.9962 11.9925 11.9875 11.9814 11.9740 11.9654 11.9556 11.9445 11.9323 11.9188 11.9041 11.8882 11.8712 11.8529 11.8334 11.8128 11.7910 11.7680 11.7439 11.7186 11.6922 11.6646 11.6359 11.6060 11.5751 11.5431 11.5100 11.4757 11.4405 11.4041 11.3667 11.3283 11.2889 11.2484 11.2069 11.1645 11.1211 11.0767 11.0313 10.9851 10.9379 10.8898 10.8408 10.7910 10.7402 10.6887 10.6363 10.5831 10.5291 10.4743 10.4188 10.3625 10.3055 10.2478 10.1893 10.1303 10.0705 10.0101 9.9491 9.8875 9.8253 9.7626 9.6993 9.6355 9.5712 9.5064 9.4411 9.3754 9.3093 9.2427 9.1758 9.1085 9.0409 8.9730 8.9047 8.8362 8.7674 8.6984 8.6292 8.5598 8.4902 8.4204 8.3506 8.2806 8.2105 8.1404 8.0702 8.0000 
R
0.0000 0.0000 5.0000 NaN 0.0000 5.0000 NaN 3.0000 8.0000 NaN 5.0000 5.0526 5.1053 5.1579 5.2104 5.2629 5.3153 5.3676 5.4198 5.4719 5.5238 5.5756 5.6272 5.6786 5.7297 5.7807 5.8314 5.8819 5.9321 5.9820 6.0316 6.0808 6.1298 6.1784 6.2266 6.2745 6.3219 6.3690 6.4156 6.4618 6.5076 6.5529 6.5977 6.6420 6.6858 6.7291 6.7719 6.8141 6.8557 6.8968 6.9373 6.9772 7.0165 7.0552 7.0932 7.1306 7.1673 7.2034 7.2388 7.2735 7.3075 7.3408 7.3734 7.4052 7.4363 7.4666 7.4962 7.5251 7.5531 7.5803 7.6068 7.6325 7.6573 7.6813 7.7045 7.7269 7.7484 7.7691 7.7889 7.8079 7.8260 7.8432 7.8596 7.8751 7.8897 7.9034 7.9162 7.9281 7.9391 7.9492 7.9584 7.9667 7.9740 7.9805 7.9860 7.9906 7.9943 7.9971 7.9990 7.9999 7.9999 7.9990 7.9971 7.9943 7.9906 7.9860 7.9805 7.9740 7.9667 7.9584 7.9492 7.9391 7.9281 7.9162 7.9034 7.8897 7.8751 7.8596 7.8432 7.8260 7.8079 7.7889 7.7691 7.7484 7.7269 7.7045 7.6813 7.6573 7.6325 7.6068 7.5803 7.5531 7.5251 7.4962 7.4666 7.4363 7.4052 7.3734 7.3408 7.3075 7.2735 7.2388 7.2034 7.1673 7.1306 7.0932 7.0552 7.0165 6.9772 6.9373 6.8968 6.8557 6.8141 6.7719 6.7291 6.6858 6.6420 6.5977 6.5529 6.5076 6.4618 6.4156 6.3690 6.3219 6.2745 6.2266 6.1784 6.1298 6.0808 6.0316 5.9820 5.9321 5.8819 5.8314 5.7807 5.7297 5.6786 5.6272 5.5756 5.5238 5.4719 5.4198 5.3676 5.3153 5.2629 5.2104 5.1579 5.1053 5.0526 5.0000 
0.0000 12.0000 12.0000 NaN 6.0000 6.0000 NaN 6.0000 0.0000 NaN 6.0000 6.0005 6.0018 6.0042 6.0074 6.0115 6.0166 6.0226 6.0295 6.0373 6.0461 6.0557 6.0663 6.0777 6.0901 6.1034 6.1175 6.1325 6.1485 6.1653 6.1829 6.2015 6.2209 6.2411 6.2622 6.2842 6.3070 6.3306 6.3550 6.3803 6.4063 6.4332 6.4608 6.4893 6.5185 6.5484 6.5792 6.6106 6.6428 6.6758 6.7094 6.7438 6.7788 6.8145 6.8509 6.8880 6.9257 6.9641 7.0031 7.0427 7.0829 7.1237 7.1650 7.2070 7.2494 7.2925 7.3360 7.3801 7.4247 7.4697 7.5152 7.5612 7.6076 7.6545 7.7017 7.7494 7.7975 7.8459 7.8946 7.9438 7.9932 8.0430 8.0930 8.1433 8.1939 8.2448 8.2958 8.3471 8.3986 8.4503 8.5021 8.5541 8.6062 8.6585 8.7109 8.7633 8.8158 8.8684 8.9210 8.9737 9.0263 9.0790 9.1316 9.1842 9.2367 9.2891 9.3415 9.3938 9.4459 9.4979 9.5497 9.6014 9.6529 9.7042 9.7552 9.8061 9.8567 9.9070 9.9570 10.0068 10.0562 10.1054 10.1541 10.2025 10.2506 10.2983 10.3455 10.3924 10.4388 10.4848 10.5303 10.5753 10.6199 10.6640 10.7075 10.7506 10.7930 10.8350 10.8763 10.9171 10.9573 10.9969 11.0359 11.0743 11.1120 11.1491 11.1855 11.2212 11.2562 11.2906 11.3242 11.3572 11.3894 11.4208 11.4516 11.4815 11.5107 11.5392 11.5668 11.5937 11.6197 11.6450 11.6694 11.6930 11.7158 11.7378 11.7589 11.7791 11.7985 11.8171 11.8347 11.8515 11.8675 11.8825 11.8966 11.9099 11.9223 11.9337 11.9443 11.9539 11.9627 11.9705 11.9774 11.9834 11.9885 11.9926 11.9958 11.9982 11.9995 12.0000 
S
3.0000 5.0000 NaN 3.0000 5.0000 NaN 3.0000 5.5000 NaN 0.0000 0.0296 0.0599 0.0910 0.1228 0.1553 0.1886 0.2226 0.2573 0.2927 0.3288 0.3655 0.4030 0.4410 0.4797 0.5190 0.5590 0.5995 0.6406 0.6823 0.7246 0.7674 0.8108 0.8546 0.8990 0.9439 0.9893 1.0351 1.0814 1.1281 1.1752 1.2228 1.2707 1.3190 1.3677 1.4168 1.4662 1.5159 1.5659 1.6162 1.6667 1.7175 1.7686 1.8199 1.8714 1.9231 1.9750 2.0270 2.0792 2.1315 2.1839 2.2365 2.2891 2.3418 2.3945 2.4472 2.5000 NaN 5.0000 5.0526 5.1053 5.1579 5.2104 5.2629 5.3153 5.3676 5.4198 5.4719 5.5238 5.5756 5.6272 5.6786 5.7297 5.7807 5.8314 5.8819 5.9321 5.9820 6.0316 6.0808 6.1298 6.1784 6.2266 6.2745 6.3219 6.3690 6.4156 6.4618 6.5076 6.5529 6.5977 6.6420 6.6858 6.7291 6.7719 6.8141 6.8557 6.8968 6.9373 6.9772 7.0165 7.0552 7.0932 7.1306 7.1673 7.2034 7.2388 7.2735 7.3075 7.3408 7.3734 7.4052 7.4363 7.4666 7.4962 7.5251 7.5531 7.5803 7.6068 7.6325 7.6573 7.6813 7.7045 7.7269 7.7484 7.7691 7.7889 7.8079 7.8260 7.8432 7.8596 7.8751 7.8897 7.9034 7.9162 7.9281 7.9391 7.9492 7.9584 7.9667 7.9740 7.9805 7.9860 7.9906 7.9943 7.9971 7.9990 7.9999 7.9999 7.9990 7.9971 7.9943 7.9906 7.9860 7.9805 7.9740 7.9667 7.9584 7.9492 7.9391 7.9281 7.9162 7.9034 7.8897 7.8751 7.8596 7.8432 7.8260 7.8079 7.7889 7.7691 7.7484 7.7269 7.7045 7.6813 7.6573 7.6325 7.6068 7.5803 7.5531 7.5251 7.4962 7.4666 7.4363 7.4052 7.3734 7.3408 7.3075 7.2735 7.2388 7.2034 7.1673 7.1306 7.0932 7.0552 7.0165 6.9772 6.9373 6.8968 6.8557 6.8141 6.7719 6.7291 6.6858 6.6420 6.5977 6.5529 6.5076 6.4618 6.4156 6.3690 6.3219 6.2745 6.2266 6.1784 6.1298 6.0808 6.0316 5.9820 5.9321 5.8819 5.8314 5.7807 5.7297 5.6786 5.6272 5.5756 5.5238 5.4719 5.4198 5.3676 5.3153 5.2629 5.2104 5.1579 5.1053 5.0526 5.0000 NaN 3.0000 2.9474 2.8947 2.8421 2.7896 2.7371 2.6847 2.6324 2.5802 2.5281 2.4762 2.4244 2.3728 2.3214 2.2703 2.2193 2.1686 2.1181 2.0679 2.0180 1.9684 1.9192 1.8702 1.8216 1.7734 1.7255 1.6781 1.6310 1.5844 1.5382 1.4924 1.4471 1.4023 1.3580 1.3142 1.2709 1.2281 1.1859 1.1443 1.1032 1.0627 1.0228 0.9835 0.9448 0.9068 0.8694 0.8327 0.7966 0.7612 0.7265 0.6925 0.6592 0.6266 0.5948 0.5637 0.5334 0.5038 0.4749 0.4469 0.4197 0.3932 0.3675 0.3427 0.3187 0.2955 0.2731 0.2516 0.2309 0.2111 0.1921 0.1740 0.1568 0.1404 0.1249 0.1103 0.0966 0.0838 0.0719 0.0609 0.0508 0.0416 0.0333 0.0260 0.0195 0.0140 0.0094 0.0057 0.0029 0.0010 0.0001 0.0001 0.0010 0.0029 0.0057 0.0094 0.0140 0.0195 0.0260 0.0333 0.0416 0.0508 0.0609 0.0719 0.0838 0.0966 0.1103 0.1249 0.1404 0.1568 0.1740 0.1921 0.2111 0.2309 0.2516 0.2731 0.2955 0.3187 0.3427 0.3675 0.3932 0.4197 0.4469 0.4749 0.5038 0.5334 0.5637 0.5948 0.6266 0.6592 0.6925 0.7265 0.7612 0.7966 0.8327 0.8694 0.9068 0.9448 0.9835 1.0228 1.0627 1.1032 1.1443 1.1859 1.2281 1.2709 1.3142 1.3580 1.4023 1.4471 1.4924 1.5382 1.5844 1.6310 1.6781 1.7255 1.7734 1.8216 1.8702 1.9192 1.9684 2.0180 2.0679 2.1181 2.1686 2.2193 2.2703 2.3214 2.3728 2.4244 2.4762 2.5281 2.5802 2.6324 2.6847 2.7371 2.7896 2.8421 2.8947 2.9474 3.0000 NaN 7.5000 7.4704 7.4401 7.4090 7.3772 7.3447 7.3114 7.2774 7.2427 7.2073 7.1712 7.1345 7.0970 7.0590 7.0203 6.9810 6.9410 6.9005 6.8594 6.8177 6.7754 6.7326 6.6892 6.6454 6.6010 6.5561 6.5107 6.4649 6.4186 6.3719 6.3248 6.2772 6.2293 6.1810 6.1323 6.0832 6.0338 5.9841 5.9341 5.8838 5.8333 5.7825 5.7314 5.6801 5.6286 5.5769 5.5250 5.4730 5.4208 5.3685 5.3161 5.2635 5.2109 5.1582 5.1055 5.0528 5.0000 
0.0000 0.0000 NaN 6.0000 6.0000 NaN 12.0000 12.0000 NaN 1.3417 1.2980 1.2548 1.2121 1.1700 1.1285 1.0875 1.0472 1.0074 0.9683 0.9298 0.8919 0.8547 0.8181 0.7822 0.7470 0.7125 0.6788 0.6457 0.6133 0.5817 0.5509 0.5208 0.4915 0.4629 0.4351 0.4082 0.3820 0.3566 0.3321 0.3084 0.2855 0.2634 0.2422 0.2219 0.2024 0.1838 0.1660 0.1491 0.1332 0.1180 0.1038 0.0905 0.0781 0.0666 0.0560 0.0463 0.0375 0.0297 0.0227 0.0167 0.0116 0.0074 0.0042 0.0019 0.0005 0.0000 NaN 0.0000 0.0005 0.0018 0.0042 0.0074 0.0115 0.0166 0.0226 0.0295 0.0373 0.0461 0.0557 0.0663 0.0777 0.0901 0.1034 0.1175 0.1325 0.1485 0.1653 0.1829 0.2015 0.2209 0.2411 0.2622 0.2842 0.3070 0.3306 0.3550 0.3803 0.4063 0.4332 0.4608 0.4893 0.5185 0.5484 0.5792 0.6106 0.6428 0.6758 0.7094 0.7438 0.7788 0.8145 0.8509 0.8880 0.9257 0.9641 1.0031 1.0427 1.0829 1.1237 1.1650 1.2070 1.2494 1.2925 1.3360 1.3801 1.4247 1.4697 1.5152 1.5612 1.6076 1.6545 1.7017 1.7494 1.7975 1.8459 1.8946 1.9438 1.9932 2.0430 2.0930 2.1433 2.1939 2.2448 2.2958 2.3471 2.3986 2.4503 2.5021 2.5541 2.6062 2.6585 2.7109 2.7633 2.8158 2.8684 2.9210 2.9737 3.0263 3.0790 3.1316 3.1842 3.2367 3.2891 3.3415 3.3938 3.4459 3.4979 3.5497 3.6014 3.6529 3.7042 3.7552 3.8061 3.8567 3.9070 3.9570 4.0068 4.0562 4.1054 4.1541 4.2025 4.2506 4.2983 4.3455 4.3924 4.4388 4.4848 4.5303 4.5753 4.6199 4.6640 4.7075 4.7506 4.7930 4.8350 4.8763 4.9171 4.9573 4.9969 5.0359 5.0743 5.1120 5.1491 5.1855 5.2212 5.2562 5.2906 5.3242 5.3572 5.3894 5.4208 5.4516 5.4815 5.5107 5.5392 5.5668 5.5937 5.6197 5.6450 5.6694 5.6930 5.7158 5.7378 5.7589 5.7791 5.7985 5.8171 5.8347 5.8515 5.8675 5.8825 5.8966 5.9099 5.9223 5.9337 5.9443 5.9539 5.9627 5.9705 5.9774 5.9834 5.9885 5.9926 5.9958 5.9982 5.9995 6.0000 NaN 12.0000 11.9995 11.9982 11.9958 11.9926 11.9885 11.9834 11.9774 11.9705 11.9627 11.9539 11.9443 11.9337 11.9223 11.9099 11.8966 11.8825 11.8675 11.8515 11.8347 11.8171 11.7985 11.7791 11.7589 11.7378 11.7158 11.6930 11.6694 11.6450 11.6197 11.5937 11.5668 11.5392 11.5107 11.4815 11.4516 11.4208 11.3894 11.3572 11.3242 11.2906 11.2562 11.2212 11.1855 11.1491 11.1120 11.0743 11.0359 10.9969 10.9573 10.9171 10.8763 10.8350 10.7930 10.7506 10.7075 10.6640 10.6199 10.5753 10.5303 10.4848 10.4388 10.3924 10.3455 10.2983 10.2506 10.2025 10.1541 10.1054 10.0562 10.0068 9.9570 9.9070 9.8567 9.8061 9.7552 9.7042 9.6529 9.6014 9.5497 9.4979 9.4459 9.3938 9.3415 9.2891 9.2367 9.1842 9.1316 9.0790 9.0263 8.9737 8.9210 8.8684 8.8158 8.7633 8.7109 8.6585 8.6062 8.5541 8.5021 8.4503 8.3986 8.3471 8.2958 8.2448 8.1939 8.1433 8.0930 8.0430 7.9932 7.9438 7.8946 7.8459 7.7975 7.7494 7.7017 7.6545 7.6076 7.5612 7.5152 7.4697 7.4247 7.3801 7.3360 7.2925 7.2494 7.2070 7.1650 7.1237 7.0829 7.0427 7.0031 6.9641 6.9257 6.8880 6.8509 6.8145 6.7788 6.7438 6.7094 6.6758 6.6428 6.6106 6.5792 6.5484 6.5185 6.4893 6.4608 6.4332 6.4063 6.3803 6.3550 6.3306 6.3070 6.2842 6.2622 6.2411 6.2209 6.2015 6.1829 6.1653 6.1485 6.1325 6.1175 6.1034 6.0901 6.0777 6.0663 6.0557 6.0461 6.0373 6.0295 6.0226 6.0166 6.0115 6.0074 6.0042 6.0018 6.0005 6.0000 NaN 10.6583 10.7020 10.7452 10.7879 10.8300 10.8715 10.9125 10.9528 10.9926 11.0317 11.0702 11.1081 11.1453 11.1819 11.2178 11.2530 11.2875 11.3212 11.3543 11.3867 11.4183 11.4491 11.4792 11.5085 11.5371 11.5649 11.5918 11.6180 11.6434 11.6679 11.6916 11.7145 11.7366 11.7578 11.7781 11.7976 11.8162 11.8340 11.8509 11.8668 11.8820 11.8962 11.9095 11.9219 11.9334 11.9440 11.9537 11.9625 11.9703 11.9773 11.9833 11.9884 11.9926 11.9958 11.9981 11.9995 12.0000 
T
4.0000 4.0000 NaN 0.0000 8.0000 
0.0000 12.0000 NaN 12.0000 12.0000 
U
3.5000 4.5000 NaN 0.0000 0.0000 NaN 8.0000 8.0000 NaN 0.0000 0.0005 0.0022 0.0049 0.0087 0.0136 0.0196 0.0267 0.0348 0.0441 0.0544 0.0658 0.0782 0.0917 0.1063 0.1219 0.1386 0.1564 0.1751 0.1950 0.2158 0.2377 0.2605 0.2844 0.3093 0.3352 0.3621 0.3899 0.4188 0.4485 0.4793 0.5109 0.5435 0.5771 0.6115 0.6468 0.6830 0.7201 0.7581 0.7969 0.8366 0.8771 0.9184 0.9605 1.0034 1.0471 1.0915 1.1367 1.1826 1.2293 1.2766 1.3247 1.3734 1.4228 1.4729 1.5235 1.5748 1.6267 1.6792 1.7322 1.7858 1.8399 1.8945 1.9497 2.0053 2.0614 2.1179 2.1749 2.2323 2.2900 2.3482 2.4067 2.4655 2.5247 2.5842 2.6440 2.7040 2.7643 2.8248 2.8855 2.9464 3.0075 3.0687 3.1301 3.1915 3.2531 3.3148 3.3765 3.4382 3.5000 NaN 4.5000 4.5618 4.6235 4.6852 4.7469 4.8085 4.8699 4.9313 4.9925 5.0536 5.1145 5.1752 5.2357 5.2960 5.3560 5.4158 5.4753 5.5345 5.5933 5.6518 5.7100 5.7677 5.8251 5.8821 5.9386 5.9947 6.0503 6.1055 6.1601 6.2142 6.2678 6.3208 6.3733 6.4252 6.4765 6.5271 6.5772 6.6266 6.6753 6.7234 6.7707 6.8174 6.8633 6.9085 6.9529 6.9966 7.0395 7.0816 7.1229 7.1634 7.2031 7.2419 7.2799 7.3170 7.3532 7.3885 7.4229 7.4565 7.4891 7.5207 7.5515 7.5812 7.6101 7.6379 7.6648 7.6907 7.7156 7.7395 7.7623 7.7842 7.8050 7.8249 7.8436 7.8614 7.8781 7.8937 7.9083 7.9218 7.9342 7.9456 7.9559 7.9652 7.9733 7.9804 7.9864 7.9913 7.9951 7.9978 7.9995 8.0000 
0.0000 0.0000 NaN 2.5000 12.0000 NaN 2.5000 12.0000 NaN 3.5000 3.4382 3.3765 3.3148 3.2531 3.1915 3.1301 3.0687 3.0075 2.9464 2.8855 2.8248 2.7643 2.7040 2.6440 2.5842 2.5247 2.4655 2.4067 2.3482 2.2900 2.2323 2.1749 2.1179 2.0614 2.0053 1.9497 1.8945 1.8399 1.7858 1.7322 1.6792 1.6267 1.5748 1.5235 1.4729 1.4228 1.3734 1.3247 1.2766 1.2293 1.1826 1.1367 1.0915 1.0471 1.0034 0.9605 0.9184 0.8771 0.8366 0.7969 0.7581 0.7201 0.6830 0.6468 0.6115 0.5771 0.5435 0.5109 0.4793 0.4485 0.4188 0.3899 0.3621 0.3352 0.3093 0.2844 0.2605 0.2377 0.2158 0.1950 0.1751 0.1564 0.1386 0.1219 0.1063 0.0917 0.0782 0.0658 0.0544 0.0441 0.0348 0.0267 0.0196 0.0136 0.0087 0.0049 0.0022 0.0005 0.0000 NaN 0.0000 0.0005 0.0022 0.0049 0.0087 0.0136 0.0196 0.0267 0.0348 0.0441 0.0544 0.0658 0.0782 0.0917 0.1063 0.1219 0.1386 0.1564 0.1751 0.1950 0.2158 0.2377 0.2605 0.2844 0.3093 0.3352 0.3621 0.3899 0.4188 0.4485 0.4793 0.5109 0.5435 0.5771 0.6115 0.6468 0.6830 0.7201 0.7581 0.7969 0.8366 0.8771 0.9184 0.9605 1.0034 1.0471 1.0915 1.1367 1.1826 1.2293 1.2766 1.3247 1.3734 1.4228 1.4729 1.5235 1.5748 1.6267 1.6792 1.7322 1.7858 1.8399 1.8945 1.9497 2.0053 2.0614 2.1179 2.1749 2.2323 2.2900 2.3482 2.4067 2.4655 2.5247 2.5842 2.6440 2.7040 2.7643 2.8248 2.8855 2.9464 3.0075 3.0687 3.1301 3.1915 3.2531 3.3148 3.3765 3.4382 3.5000 
Ú
3.5000 4.5000 NaN 0.0000 0.0000 NaN 8.0000 8.0000 NaN 0.0000 0.0005 0.0022 0.0049 0.0087 0.0136 0.0196 0.0267 0.0348 0.0441 0.0544 0.0658 0.0782 0.0917 0.1063 0.1219 0.1386 0.1564 0.1751 0.1950 0.2158 0.2377 0.2605 0.2844 0.3093 0.3352 0.3621 0.3899 0.4188 0.4485 0.4793 0.5109 0.5435 0.5771 0.6115 0.6468 0.6830 0.7201 0.7581 0.7969 0.8366 0.8771 0.9184 0.9605 1.0034 1.0471 1.0915 1.1367 1.1826 1.2293 1.2766 1.3247 1.3734 1.4228 1.4729 1.5235 1.5748 1.6267 1.6792 1.7322 1.7858 1.8399 1.8945 1.9497 2.0053 2.0614 2.1179 2.1749 2.2323 2.2900 2.3482 2.4067 2.4655 2.5247 2.5842 2.6440 2.7040 2.7643 2.8248 2.8855 2.9464 3.0075 3.0687 3.1301 3.1915 3.2531 3.3148 3.3765 3.4382 3.5000 NaN 4.5000 4.5618 4.6235 4.6852 4.7469 4.8085 4.8699 4.9313 4.9925 5.0536 5.1145 5.1752 5.2357 5.2960 5.3560 5.4158 5.4753 5.5345 5.5933 5.6518 5.7100 5.7677 5.8251 5.8821 5.9386 5.9947 6.0503 6.1055 6.1601 6.2142 6.2678 6.3208 6.3733 6.4252 6.4765 6.5271 6.5772 6.6266 6.6753 6.7234 6.7707 6.8174 6.8633 6.9085 6.9529 6.9966 7.0395 7.0816 7.1229 7.1634 7.2031 7.2419 7.2799 7.3170 7.3532 7.3885 7.4229 7.4565 7.4891 7.5207 7.5515 7.5812 7.6101 7.6379 7.6648 7.6907 7.7156 7.7395 7.7623 7.7842 7.8050 7.8249 7.8436 7.8614 7.8781 7.8937 7.9083 7.9218 7.9342 7.9456 7.9559 7.9652 7.9733 7.9804 7.9864 7.9913 7.9951 7.9978 7.9995 8.0000 NaN 3.5000 5.5000 
0.0000 0.0000 NaN 2.5000 12.0000 NaN 2.5000 12.0000 NaN 3.5000 3.4382 3.3765 3.3148 3.2531 3.1915 3.1301 3.0687 3.0075 2.9464 2.8855 2.8248 2.7643 2.7040 2.6440 2.5842 2.5247 2.4655 2.4067 2.3482 2.2900 2.2323 2.1749 2.1179 2.0614 2.0053 1.9497 1.8945 1.8399 1.7858 1.7322 1.6792 1.6267 1.5748 1.5235 1.4729 1.4228 1.3734 1.3247 1.2766 1.2293 1.1826 1.1367 1.0915 1.0471 1.0034 0.9605 0.9184 0.8771 0.8366 0.7969 0.7581 0.7201 0.6830 0.6468 0.6115 0.5771 0.5435 0.5109 0.4793 0.4485 0.4188 0.3899 0.3621 0.3352 0.3093 0.2844 0.2605 0.2377 0.2158 0.1950 0.1751 0.1564 0.1386 0.1219 0.1063 0.0917 0.0782 0.0658 0.0544 0.0441 0.0348 0.0267 0.0196 0.0136 0.0087 0.0049 0.0022 0.0005 0.0000 NaN 0.0000 0.0005 0.0022 0.0049 0.0087 0.0136 0.0196 0.0267 0.0348 0.0441 0.0544 0.0658 0.0782 0.0917 0.1063 0.1219 0.1386 0.1564 0.1751 0.1950 0.2158 0.2377 0.2605 0.2844 0.3093 0.3352 0.3621 0.3899 0.4188 0.4485 0.4793 0.5109 0.5435 0.5771 0.6115 0.6468 0.6830 0.7201 0.7581 0.7969 0.8366 0.8771 0.9184 0.9605 1.0034 1.0471 1.0915 1.1367 1.1826 1.2293 1.2766 1.3247 1.3734 1.4228 1.4729 1.5235 1.5748 1.6267 1.6792 1.7322 1.7858 1.8399 1.8945 1.9497 2.0053 2.0614 2.1179 2.1749 2.2323 2.2900 2.3482 2.4067 2.4655 2.5247 2.5842 2.6440 2.7040 2.7643 2.8248 2.8855 2.9464 3.0075 3.0687 3.1301 3.1915 3.2531 3.3148 3.3765 3.4382 3.5000 NaN 13.0000 14.5000 
V
0.0000 4.0000 8.0000 
12.0000 0.0000 12.0000 
W
0.0000 2.0000 4.0000 6.0000 8.0000 
12.0000 0.0000 12.0000 0.0000 12.0000 
X
0.0000 8.0000 NaN 0.0000 8.0000 
0.0000 12.0000 NaN 12.0000 0.0000 
Y
4.0000 4.0000 NaN 0.0000 4.0000 8.0000 
0.0000 6.0000 NaN 12.0000 6.0000 12.0000 
Ý
4.0000 4.0000 NaN 0.0000 4.0000 8.0000 NaN 3.5000 5.5000 
0.0000 6.0000 NaN 12.0000 6.0000 12.0000 NaN 13.0000 14.5000 
Z
8.0000 0.0000 8.0000 0.0000 
0.0000 0.0000 12.0000 12.0000 
Þ
0.5000 0.5000 NaN 0.5000 4.5000 NaN 0.5000 4.5000 NaN 4.5000 4.5526 4.6053 4.6579 4.7104 4.7629 4.8153 4.8676 4.9198 4.9719 5.0238 5.0756 5.1272 5.1786 5.2297 5.2807 5.3314 5.3819 5.4321 5.4820 5.5316 5.5808 5.6298 5.6784 5.7266 5.7745 5.8219 5.8690 5.9156 5.9618 6.0076 6.0529 6.0977 6.1420 6.1858 6.2291 6.2719 6.3141 6.3557 6.3968 6.4373 6.4772 6.5165 6.5552 6.5932 6.6306 6.6673 6.7034 6.7388 6.7735 6.8075 6.8408 6.8734 6.9052 6.9363 6.9666 6.9962 7.0251 7.0531 7.0803 7.1068 7.1325 7.1573 7.1813 7.2045 7.2269 7.2484 7.2691 7.2889 7.3079 7.3260 7.3432 7.3596 7.3751 7.3897 7.4034 7.4162 7.4281 7.4391 7.4492 7.4584 7.4667 7.4740 7.4805 7.4860 7.4906 7.4943 7.4971 7.4990 7.4999 7.4999 7.4990 7.4971 7.4943 7.4906 7.4860 7.4805 7.4740 7.4667 7.4584 7.4492 7.4391 7.4281 7.4162 7.4034 7.3897 7.3751 7.3596 7.3432 7.3260 7.3079 7.2889 7.2691 7.2484 7.2269 7.2045 7.1813 7.1573 7.1325 7.1068 7.0803 7.0531 7.0251 6.9962 6.9666 6.9363 6.9052 6.8734 6.8408 6.8075 6.7735 6.7388 6.7034 6.6673 6.6306 6.5932 6.5552 6.5165 6.4772 6.4373 6.3968 6.3557 6.3141 6.2719 6.2291 6.1858 6.1420 6.0977 6.0529 6.0076 5.9618 5.9156 5.8690 5.8219 5.7745 5.7266 5.6784 5.6298 5.5808 5.5316 5.4820 5.4321 5.3819 5.3314 5.2807 5.2297 5.1786 5.1272 5.0756 5.0238 4.9719 4.9198 4.8676 4.8153 4.7629 4.7104 4.6579 4.6053 4.5526 4.5000 
0.0000 12.0000 NaN 3.0000 3.0000 NaN 9.0000 9.0000 NaN 3.0000 3.0005 3.0018 3.0042 3.0074 3.0115 3.0166 3.0226 3.0295 3.0373 3.0461 3.0557 3.0663 3.0777 3.0901 3.1034 3.1175 3.1325 3.1485 3.1653 3.1829 3.2015 3.2209 3.2411 3.2622 3.2842 3.3070 3.3306 3.3550 3.3803 3.4063 3.4332 3.4608 3.4893 3.5185 3.5484 3.5792 3.6106 3.6428 3.6758 3.7094 3.7438 3.7788 3.8145 3.8509 3.8880 3.9257 3.9641 4.0031 4.0427 4.0829 4.1237 4.1650 4.2070 4.2494 4.2925 4.3360 4.3801 4.4247 4.4697 4.5152 4.5612 4.6076 4.6545 4.7017 4.7494 4.7975 4.8459 4.8946 4.9438 4.9932 5.0430 5.0930 5.1433 5.1939 5.2448 5.2958 5.3471 5.3986 5.4503 5.5021 5.5541 5.6062 5.6585 5.7109 5.7633 5.8158 5.8684 5.9210 5.9737 6.0263 6.0790 6.1316 6.1842 6.2367 6.2891 6.3415 6.3938 6.4459 6.4979 6.5497 6.6014 6.6529 6.7042 6.7552 6.8061 6.8567 6.9070 6.9570 7.0068 7.0562 7.1054 7.1541 7.2025 7.2506 7.2983 7.3455 7.3924 7.4388 7.4848 7.5303 7.5753 7.6199 7.6640 7.7075 7.7506 7.7930 7.8350 7.8763 7.9171 7.9573 7.9969 8.0359 8.0743 8.1120 8.1491 8.1855 8.2212 8.2562 8.2906 8.3242 8.3572 8.3894 8.4208 8.4516 8.4815 8.5107 8.5392 8.5668 8.5937 8.6197 8.6450 8.6694 8.6930 8.7158 8.7378 8.7589 8.7791 8.7985 8.8171 8.8347 8.8515 8.8675 8.8825 8.8966 8.9099 8.9223 8.9337 8.9443 8.9539 8.9627 8.9705 8.9774 8.9834 8.9885 8.9926 8.9958 8.9982 8.9995 9.0000 
Æ
0.0000 5.0000 5.0000 8.0000 NaN 2.5000 7.0000 NaN 5.0000 8.0000 
0.0000 12.0000 0.0000 0.0000 NaN 6.0000 6.0000 NaN 12.0000 12.0000 
Ö
0.0000 0.0000 NaN 8.0000 8.0000 NaN 0.0000 0.0006 0.0025 0.0055 0.0099 0.0154 0.0222 0.0301 0.0394 0.0498 0.0614 0.0743 0.0884 0.1037 0.1201 0.1378 0.1567 0.1767 0.1979 0.2203 0.2439 0.2686 0.2945 0.3215 0.3496 0.3789 0.4093 0.4408 0.4733 0.5070 0.5418 0.5776 0.6144 0.6523 0.6913 0.7312 0.7722 0.8142 0.8571 0.9010 0.9459 0.9917 1.0384 1.0860 1.1346 1.1840 1.2343 1.2854 1.3374 1.3902 1.4438 1.4982 1.5534 1.6093 1.6659 1.7233 1.7814 1.8401 1.8995 1.9596 2.0203 2.0816 2.1435 2.2060 2.2690 2.3325 2.3966 2.4612 2.5262 2.5917 2.6576 2.7239 2.7907 2.8578 2.9252 2.9930 3.0611 3.1295 3.1981 3.2670 3.3362 3.4055 3.4750 3.5447 3.6145 3.6844 3.7544 3.8245 3.8947 3.9649 4.0351 4.1053 4.1755 4.2456 4.3156 4.3855 4.4553 4.5250 4.5945 4.6638 4.7330 4.8019 4.8705 4.9389 5.0070 5.0748 5.1422 5.2093 5.2761 5.3424 5.4083 5.4738 5.5388 5.6034 5.6675 5.7310 5.7940 5.8565 5.9184 5.9797 6.0404 6.1005 6.1599 6.2186 6.2767 6.3341 6.3907 6.4466 6.5018 6.5562 6.6098 6.6626 6.7146 6.7657 6.8160 6.8654 6.9140 6.9616 7.0083 7.0541 7.0990 7.1429 7.1858 7.2278 7.2688 7.3087 7.3477 7.3856 7.4224 7.4582 7.4930 7.5267 7.5592 7.5907 7.6211 7.6504 7.6785 7.7055 7.7314 7.7561 7.7797 7.8021 7.8233 7.8433 7.8622 7.8799 7.8963 7.9116 7.9257 7.9386 7.9502 7.9606 7.9699 7.9778 7.9846 7.9901 7.9945 7.9975 7.9994 8.0000 NaN 8.0000 7.9994 7.9975 7.9945 7.9901 7.9846 7.9778 7.9699 7.9606 7.9502 7.9386 7.9257 7.9116 7.8963 7.8799 7.8622 7.8433 7.8233 7.8021 7.7797 7.7561 7.7314 7.7055 7.6785 7.6504 7.6211 7.5907 7.5592 7.5267 7.4930 7.4582 7.4224 7.3856 7.3477 7.3087 7.2688 7.2278 7.1858 7.1429 7.0990 7.0541 7.0083 6.9616 6.9140 6.8654 6.8160 6.7657 6.7146 6.6626 6.6098 6.5562 6.5018 6.4466 6.3907 6.3341 6.2767 6.2186 6.1599 6.1005 6.0404 5.9797 5.9184 5.8565 5.7940 5.7310 5.6675 5.6034 5.5388 5.4738 5.4083 5.3424 5.2761 5.2093 5.1422 5.0748 5.0070 4.9389 4.8705 4.8019 4.7330 4.6638 4.5945 4.5250 4.4553 4.3855 4.3156 4.2456 4.1755 4.1053 4.0351 3.9649 3.8947 3.8245 3.7544 3.6844 3.6145 3.5447 3.4750 3.4055 3.3362 3.2670 3.1981 3.1295 3.0611 2.9930 2.9252 2.8578 2.7907 2.7239 2.6576 2.5917 2.5262 2.4612 2.3966 2.3325 2.2690 2.2060 2.1435 2.0816 2.0203 1.9596 1.8995 1.8401 1.7814 1.7233 1.6659 1.6093 1.5534 1.4982 1.4438 1.3902 1.3374 1.2854 1.2343 1.1840 1.1346 1.0860 1.0384 0.9917 0.9459 0.9010 0.8571 0.8142 0.7722 0.7312 0.6913 0.6523 0.6144 0.5776 0.5418 0.5070 0.4733 0.4408 0.4093 0.3789 0.3496 0.3215 0.2945 0.2686 0.2439 0.2203 0.1979 0.1767 0.1567 0.1378 0.1201 0.1037 0.0884 0.0743 0.0614 0.0498 0.0394 0.0301 0.0222 0.0154 0.0099 0.0055 0.0025 0.0006 0.0000 NaN 2.3000 2.3000 2.2998 2.2996 2.2993 2.2989 2.2983 2.2978 2.2971 2.2963 2.2954 2.2945 2.2934 2.2923 2.2910 2.2897 2.2883 2.2868 2.2852 2.2836 2.2818 2.2800 2.2780 2.2760 2.2739 2.2717 2.2695 2.2671 2.2647 2.2622 2.2596 2.2569 2.2542 2.2513 2.2484 2.2455 2.2424 2.2393 2.2361 2.2328 2.2294 2.2260 2.2225 2.2190 2.2154 2.2117 2.2079 2.2041 2.2002 2.1963 2.1923 2.1882 2.1841 2.1799 2.1757 2.1714 2.1671 2.1627 2.1583 2.1538 2.1492 2.1447 2.1400 2.1354 2.1307 2.1259 2.1211 2.1163 2.1115 2.1066 2.1016 2.0967 2.0917 2.0867 2.0817 2.0766 2.0715 2.0664 2.0613 2.0561 2.0509 2.0458 2.0406 2.0354 2.0301 2.0249 2.0197 2.0144 2.0092 2.0039 1.9987 1.9934 1.9882 1.9829 1.9777 1.9725 1.9672 1.9620 1.9568 1.9516 1.9465 1.9413 1.9362 1.9311 1.9260 1.9209 1.9158 1.9108 1.9058 1.9008 1.8959 1.8910 1.8861 1.8813 1.8765 1.8717 1.8670 1.8623 1.8576 1.8530 1.8485 1.8440 1.8395 1.8351 1.8307 1.8264 1.8222 1.8180 1.8138 1.8097 1.8057 1.8017 1.7978 1.7940 1.7902 1.7865 1.7828 1.7792 1.7757 1.7723 1.7689 1.7656 1.7623 1.7592 1.7561 1.7530 1.7501 1.7472 1.7444 1.7417 1.7391 1.7366 1.7341 1.7317 1.7294 1.7272 1.7250 1.7230 1.7210 1.7191 1.7173 1.7156 1.7140 1.7124 1.7110 1.7096 1.7083 1.7072 1.7061 1.7051 1.7041 1.7033 1.7026 1.7019 1.7014 1.7009 1.7006 1.7003 1.7001 1.7000 1.7000 1.7001 1.7003 1.7006 1.7009 1.7014 1.7019 1.7026 1.7033 1.7041 1.7051 1.7061 1.7072 1.7083 1.7096 1.7110 1.7124 1.7140 1.7156 1.7173 1.7191 1.7210 1.7230 1.7250 1.7272 1.7294 1.7317 1.7341 1.7366 1.7391 1.7417 1.7444 1.7472 1.7501 1.7530 1.7561 1.7592 1.7623 1.7656 1.7689 1.7723 1.7757 1.7792 1.7828 1.7865 1.7902 1.7940 1.7978 1.8017 1.8057 1.8097 1.8138 1.8180 1.8222 1.8264 1.8307 1.8351 1.8395 1.8440 1.8485 1.8530 1.8576 1.8623 1.8670 1.8717 1.8765 1.8813 1.8861 1.8910 1.8959 1.9008 1.9058 1.9108 1.9158 1.9209 1.9260 1.9311 1.9362 1.9413 1.9465 1.9516 1.9568 1.9620 1.9672 1.9725 1.9777 1.9829 1.9882 1.9934 1.9987 2.0039 2.0092 2.0144 2.0197 2.0249 2.0301 2.0354 2.0406 2.0458 2.0509 2.0561 2.0613 2.0664 2.0715 2.0766 2.0817 2.0867 2.0917 2.0967 2.1016 2.1066 2.1115 2.1163 2.1211 2.1259 2.1307 2.1354 2.1400 2.1447 2.1492 2.1538 2.1583 2.1627 2.1671 2.1714 2.1757 2.1799 2.1841 2.1882 2.1923 2.1963 2.2002 2.2041 2.2079 2.2117 2.2154 2.2190 2.2225 2.2260 2.2294 2.2328 2.2361 2.2393 2.2424 2.2455 2.2484 2.2513 2.2542 2.2569 2.2596 2.2622 2.2647 2.2671 2.2695 2.2717 2.2739 2.2760 2.2780 2.2800 2.2818 2.2836 2.2852 2.2868 2.2883 2.2897 2.2910 2.2923 2.2934 2.2945 2.2954 2.2963 2.2971 2.2978 2.2983 2.2989 2.2993 2.2996 2.2998 2.3000 2.3000 NaN 6.3000 6.3000 6.2998 6.2996 6.2993 6.2989 6.2983 6.2978 6.2971 6.2963 6.2954 6.2945 6.2934 6.2923 6.2910 6.2897 6.2883 6.2868 6.2852 6.2836 6.2818 6.2800 6.2780 6.2760 6.2739 6.2717 6.2695 6.2671 6.2647 6.2622 6.2596 6.2569 6.2542 6.2513 6.2484 6.2455 6.2424 6.2393 6.2361 6.2328 6.2294 6.2260 6.2225 6.2190 6.2154 6.2117 6.2079 6.2041 6.2002 6.1963 6.1923 6.1882 6.1841 6.1799 6.1757 6.1714 6.1671 6.1627 6.1583 6.1538 6.1492 6.1447 6.1400 6.1354 6.1307 6.1259 6.1211 6.1163 6.1115 6.1066 6.1016 6.0967 6.0917 6.0867 6.0817 6.0766 6.0715 6.0664 6.0613 6.0561 6.0509 6.0458 6.0406 6.0354 6.0301 6.0249 6.0197 6.0144 6.0092 6.0039 5.9987 5.9934 5.9882 5.9829 5.9777 5.9725 5.9672 5.9620 5.9568 5.9516 5.9465 5.9413 5.9362 5.9311 5.9260 5.9209 5.9158 5.9108 5.9058 5.9008 5.8959 5.8910 5.8861 5.8813 5.8765 5.8717 5.8670 5.8623 5.8576 5.8530 5.8485 5.8440 5.8395 5.8351 5.8307 5.8264 5.8222 5.8180 5.8138 5.8097 5.8057 5.8017 5.7978 5.7940 5.7902 5.7865 5.7828 5.7792 5.7757 5.7723 5.7689 5.7656 5.7623 5.7592 5.7561 5.7530 5.7501 5.7472 5.7444 5.7417 5.7391 5.7366 5.7341 5.7317 5.7294 5.7272 5.7250 5.7230 5.7210 5.7191 5.7173 5.7156 5.7140 5.7124 5.7110 5.7096 5.7083 5.7072 5.7061 5.7051 5.7041 5.7033 5.7026 5.7019 5.7014 5.7009 5.7006 5.7003 5.7001 5.7000 5.7000 5.7001 5.7003 5.7006 5.7009 5.7014 5.7019 5.7026 5.7033 5.7041 5.7051 5.7061 5.7072 5.7083 5.7096 5.7110 5.7124 5.7140 5.7156 5.7173 5.7191 5.7210 5.7230 5.7250 5.7272 5.7294 5.7317 5.7341 5.7366 5.7391 5.7417 5.7444 5.7472 5.7501 5.7530 5.7561 5.7592 5.7623 5.7656 5.7689 5.7723 5.7757 5.7792 5.7828 5.7865 5.7902 5.7940 5.7978 5.8017 5.8057 5.8097 5.8138 5.8180 5.8222 5.8264 5.8307 5.8351 5.8395 5.8440 5.8485 5.8530 5.8576 5.8623 5.8670 5.8717 5.8765 5.8813 5.8861 5.8910 5.8959 5.9008 5.9058 5.9108 5.9158 5.9209 5.9260 5.9311 5.9362 5.9413 5.9465 5.9516 5.9568 5.9620 5.9672 5.9725 5.9777 5.9829 5.9882 5.9934 5.9987 6.0039 6.0092 6.0144 6.0197 6.0249 6.0301 6.0354 6.0406 6.0458 6.0509 6.0561 6.0613 6.0664 6.0715 6.0766 6.0817 6.0867 6.0917 6.0967 6.1016 6.1066 6.1115 6.1163 6.1211 6.1259 6.1307 6.1354 6.1400 6.1447 6.1492 6.1538 6.1583 6.1627 6.1671 6.1714 6.1757 6.1799 6.1841 6.1882 6.1923 6.1963 6.2002 6.2041 6.2079 6.2117 6.2154 6.2190 6.2225 6.2260 6.2294 6.2328 6.2361 6.2393 6.2424 6.2455 6.2484 6.2513 6.2542 6.2569 6.2596 6.2622 6.2647 6.2671 6.2695 6.2717 6.2739 6.2760 6.2780 6.2800 6.2818 6.2836 6.2852 6.2868 6.2883 6.2897 6.2910 6.2923 6.2934 6.2945 6.2954 6.2963 6.2971 6.2978 6.2983 6.2989 6.2993 6.2996 6.2998 6.3000 6.3000 
4.0000 8.0000 NaN 4.0000 8.0000 NaN 4.0000 3.9298 3.8596 3.7895 3.7194 3.6494 3.5796 3.5098 3.4402 3.3708 3.3016 3.2326 3.1638 3.0953 3.0270 2.9591 2.8915 2.8242 2.7573 2.6907 2.6246 2.5589 2.4936 2.4288 2.3645 2.3007 2.2374 2.1747 2.1125 2.0509 1.9899 1.9295 1.8697 1.8107 1.7522 1.6945 1.6375 1.5812 1.5257 1.4709 1.4169 1.3637 1.3113 1.2598 1.2090 1.1592 1.1102 1.0621 1.0149 0.9687 0.9233 0.8789 0.8355 0.7931 0.7516 0.7111 0.6717 0.6333 0.5959 0.5595 0.5243 0.4900 0.4569 0.4249 0.3940 0.3641 0.3354 0.3078 0.2814 0.2561 0.2320 0.2090 0.1872 0.1666 0.1471 0.1288 0.1118 0.0959 0.0812 0.0677 0.0555 0.0444 0.0346 0.0260 0.0186 0.0125 0.0075 0.0038 0.0014 0.0002 0.0002 0.0014 0.0038 0.0075 0.0125 0.0186 0.0260 0.0346 0.0444 0.0555 0.0677 0.0812 0.0959 0.1118 0.1288 0.1471 0.1666 0.1872 0.2090 0.2320 0.2561 0.2814 0.3078 0.3354 0.3641 0.3940 0.4249 0.4569 0.4900 0.5243 0.5595 0.5959 0.6333 0.6717 0.7111 0.7516 0.7931 0.8355 0.8789 0.9233 0.9687 1.0149 1.0621 1.1102 1.1592 1.2090 1.2598 1.3113 1.3637 1.4169 1.4709 1.5257 1.5812 1.6375 1.6945 1.7522 1.8107 1.8697 1.9295 1.9899 2.0509 2.1125 2.1747 2.2374 2.3007 2.3645 2.4288 2.4936 2.5589 2.6246 2.6907 2.7573 2.8242 2.8915 2.9591 3.0270 3.0953 3.1638 3.2326 3.3016 3.3708 3.4402 3.5098 3.5796 3.6494 3.7194 3.7895 3.8596 3.9298 4.0000 NaN 8.0000 8.0702 8.1404 8.2105 8.2806 8.3506 8.4204 8.4902 8.5598 8.6292 8.6984 8.7674 8.8362 8.9047 8.9730 9.0409 9.1085 9.1758 9.2427 9.3093 9.3754 9.4411 9.5064 9.5712 9.6355 9.6993 9.7626 9.8253 9.8875 9.9491 10.0101 10.0705 10.1303 10.1893 10.2478 10.3055 10.3625 10.4188 10.4743 10.5291 10.5831 10.6363 10.6887 10.7402 10.7910 10.8408 10.8898 10.9379 10.9851 11.0313 11.0767 11.1211 11.1645 11.2069 11.2484 11.2889 11.3283 11.3667 11.4041 11.4405 11.4757 11.5100 11.5431 11.5751 11.6060 11.6359 11.6646 11.6922 11.7186 11.7439 11.7680 11.7910 11.8128 11.8334 11.8529 11.8712 11.8882 11.9041 11.9188 11.9323 11.9445 11.9556 11.9654 11.9740 11.9814 11.9875 11.9925 11.9962 11.9986 11.9998 11.9998 11.9986 11.9962 11.9925 11.9875 11.9814 11.9740 11.9654 11.9556 11.9445 11.9323 11.9188 11.9041 11.8882 11.8712 11.8529 11.8334 11.8128 11.7910 11.7680 11.7439 11.7186 11.6922 11.6646 11.6359 11.6060 11.5751 11.5431 11.5100 11.4757 11.4405 11.4041 11.3667 11.3283 11.2889 11.2484 11.2069 11.1645 11.1211 11.0767 11.0313 10.9851 10.9379 10.8898 10.8408 10.7910 10.7402 10.6887 10.6363 10.5831 10.5291 10.4743 10.4188 10.3625 10.3055 10.2478 10.1893 10.1303 10.0705 10.0101 9.9491 9.8875 9.8253 9.7626 9.6993 9.6355 9.5712 9.5064 9.4411 9.3754 9.3093 9.2427 9.1758 9.1085 9.0409 8.9730 8.9047 8.8362 8.7674 8.6984 8.6292 8.5598 8.4902 8.4204 8.3506 8.2806 8.2105 8.1404 8.0702 8.0000 NaN 13.0000 13.0053 13.0105 13.0157 13.0210 13.0262 13.0314 13.0367 13.0419 13.0471 13.0522 13.0574 13.0625 13.0677 13.0728 13.0779 13.0829 13.0879 13.0930 13.0979 13.1029 13.1078 13.1127 13.1175 13.1223 13.1271 13.1319 13.1365 13.1412 13.1458 13.1504 13.1549 13.1594 13.1638 13.1682 13.1725 13.1768 13.1810 13.1851 13.1892 13.1933 13.1973 13.2012 13.2051 13.2089 13.2126 13.2163 13.2199 13.2234 13.2269 13.2303 13.2336 13.2369 13.2401 13.2432 13.2462 13.2492 13.2521 13.2549 13.2576 13.2602 13.2628 13.2653 13.2677 13.2700 13.2723 13.2745 13.2765 13.2785 13.2804 13.2823 13.2840 13.2856 13.2872 13.2887 13.2901 13.2914 13.2926 13.2937 13.2947 13.2956 13.2965 13.2972 13.2979 13.2985 13.2990 13.2994 13.2997 13.2999 13.3000 13.3000 13.2999 13.2998 13.2995 13.2992 13.2987 13.2982 13.2976 13.2969 13.2961 13.2952 13.2942 13.2931 13.2920 13.2907 13.2894 13.2879 13.2864 13.2848 13.2831 13.2814 13.2795 13.2775 13.2755 13.2734 13.2712 13.2689 13.2665 13.2641 13.2615 13.2589 13.2562 13.2535 13.2506 13.2477 13.2447 13.2416 13.2385 13.2352 13.2320 13.2286 13.2252 13.2217 13.2181 13.2144 13.2107 13.2070 13.2031 13.1992 13.1953 13.1913 13.1872 13.1831 13.1789 13.1746 13.1703 13.1660 13.1616 13.1571 13.1526 13.1481 13.1435 13.1389 13.1342 13.1295 13.1247 13.1199 13.1151 13.1102 13.1053 13.1004 13.0954 13.0905 13.0854 13.0804 13.0753 13.0702 13.0651 13.0600 13.0548 13.0497 13.0445 13.0393 13.0341 13.0288 13.0236 13.0184 13.0131 13.0079 13.0026 12.9974 12.9921 12.9869 12.9816 12.9764 12.9712 12.9659 12.9607 12.9555 12.9503 12.9452 12.9400 12.9349 12.9298 12.9247 12.9196 12.9146 12.9095 12.9046 12.8996 12.8947 12.8898 12.8849 12.8801 12.8753 12.8705 12.8658 12.8611 12.8565 12.8519 12.8474 12.8429 12.8384 12.8340 12.8297 12.8254 12.8211 12.8169 12.8128 12.8087 12.8047 12.8008 12.7969 12.7930 12.7893 12.7856 12.7819 12.7783 12.7748 12.7714 12.7680 12.7648 12.7615 12.7584 12.7553 12.7523 12.7494 12.7465 12.7438 12.7411 12.7385 12.7359 12.7335 12.7311 12.7288 12.7266 12.7245 12.7225 12.7205 12.7186 12.7169 12.7152 12.7136 12.7121 12.7106 12.7093 12.7080 12.7069 12.7058 12.7048 12.7039 12.7031 12.7024 12.7018 12.7013 12.7008 12.7005 12.7002 12.7001 12.7000 12.7000 12.7001 12.7003 12.7006 12.7010 12.7015 12.7021 12.7028 12.7035 12.7044 12.7053 12.7063 12.7074 12.7086 12.7099 12.7113 12.7128 12.7144 12.7160 12.7177 12.7196 12.7215 12.7235 12.7255 12.7277 12.7300 12.7323 12.7347 12.7372 12.7398 12.7424 12.7451 12.7479 12.7508 12.7538 12.7568 12.7599 12.7631 12.7664 12.7697 12.7731 12.7766 12.7801 12.7837 12.7874 12.7911 12.7949 12.7988 12.8027 12.8067 12.8108 12.8149 12.8190 12.8232 12.8275 12.8318 12.8362 12.8406 12.8451 12.8496 12.8542 12.8588 12.8635 12.8681 12.8729 12.8777 12.8825 12.8873 12.8922 12.8971 12.9021 12.9070 12.9121 12.9171 12.9221 12.9272 12.9323 12.9375 12.9426 12.9478 12.9529 12.9581 12.9633 12.9686 12.9738 12.9790 12.9843 12.9895 12.9947 13.0000 NaN 13.0000 13.0053 13.0105 13.0157 13.0210 13.0262 13.0314 13.0367 13.0419 13.0471 13.0522 13.0574 13.0625 13.0677 13.0728 13.0779 13.0829 13.0879 13.0930 13.0979 13.1029 13.1078 13.1127 13.1175 13.1223 13.1271 13.1319 13.1365 13.1412 13.1458 13.1504 13.1549 13.1594 13.1638 13.1682 13.1725 13.1768 13.1810 13.1851 13.1892 13.1933 13.1973 13.2012 13.2051 13.2089 13.2126 13.2163 13.2199 13.2234 13.2269 13.2303 13.2336 13.2369 13.2401 13.2432 13.2462 13.2492 13.2521 13.2549 13.2576 13.2602 13.2628 13.2653 13.2677 13.2700 13.2723 13.2745 13.2765 13.2785 13.2804 13.2823 13.2840 13.2856 13.2872 13.2887 13.2901 13.2914 13.2926 13.2937 13.2947 13.2956 13.2965 13.2972 13.2979 13.2985 13.2990 13.2994 13.2997 13.2999 13.3000 13.3000 13.2999 13.2998 13.2995 13.2992 13.2987 13.2982 13.2976 13.2969 13.2961 13.2952 13.2942 13.2931 13.2920 13.2907 13.2894 13.2879 13.2864 13.2848 13.2831 13.2814 13.2795 13.2775 13.2755 13.2734 13.2712 13.2689 13.2665 13.2641 13.2615 13.2589 13.2562 13.2535 13.2506 13.2477 13.2447 13.2416 13.2385 13.2352 13.2320 13.2286 13.2252 13.2217 13.2181 13.2144 13.2107 13.2070 13.2031 13.1992 13.1953 13.1913 13.1872 13.1831 13.1789 13.1746 13.1703 13.1660 13.1616 13.1571 13.1526 13.1481 13.1435 13.1389 13.1342 13.1295 13.1247 13.1199 13.1151 13.1102 13.1053 13.1004 13.0954 13.0905 13.0854 13.0804 13.0753 13.0702 13.0651 13.0600 13.0548 13.0497 13.0445 13.0393 13.0341 13.0288 13.0236 13.0184 13.0131 13.0079 13.0026 12.9974 12.9921 12.9869 12.9816 12.9764 12.9712 12.9659 12.9607 12.9555 12.9503 12.9452 12.9400 12.9349 12.9298 12.9247 12.9196 12.9146 12.9095 12.9046 12.8996 12.8947 12.8898 12.8849 12.8801 12.8753 12.8705 12.8658 12.8611 12.8565 12.8519 12.8474 12.8429 12.8384 12.8340 12.8297 12.8254 12.8211 12.8169 12.8128 12.8087 12.8047 12.8008 12.7969 12.7930 12.7893 12.7856 12.7819 12.7783 12.7748 12.7714 12.7680 12.7648 12.7615 12.7584 12.7553 12.7523 12.7494 12.7465 12.7438 12.7411 12.7385 12.7359 12.7335 12.7311 12.7288 12.7266 12.7245 12.7225 12.7205 12.7186 12.7169 12.7152 12.7136 12.7121 12.7106 12.7093 12.7080 12.7069 12.7058 12.7048 12.7039 12.7031 12.7024 12.7018 12.7013 12.7008 12.7005 12.7002 12.7001 12.7000 12.7000 12.7001 12.7003 12.7006 12.7010 12.7015 12.7021 12.7028 12.7035 12.7044 12.7053 12.7063 12.7074 12.7086 12.7099 12.7113 12.7128 12.7144 12.7160 12.7177 12.7196 12.7215 12.7235 12.7255 12.7277 12.7300 12.7323 12.7347 12.7372 12.7398 12.7424 12.7451 12.7479 12.7508 12.7538 12.7568 12.7599 12.7631 12.7664 12.7697 12.7731 12.7766 12.7801 12.7837 12.7874 12.7911 12.7949 12.7988 12.8027 12.8067 12.8108 12.8149 12.8190 12.8232 12.8275 12.8318 12.8362 12.8406 12.8451 12.8496 12.8542 12.8588 12.8635 12.8681 12.8729 12.8777 12.8825 12.8873 12.8922 12.8971 12.9021 12.9070 12.9121 12.9171 12.9221 12.9272 12.9323 12.9375 12.9426 12.9478 12.9529 12.9581 12.9633 12.9686 12.9738 12.9790 12.9843 12.9895 12.9947 13.0000 
